,Parameter,Value,msgId,timeSend_ms,receiver,receiverPort,packetSize_B_x,sender,delay_ms,packetSize_B_y,receivingTime_ms
0,Start simulation,2024-07-24 06:33:39.188703,,,,,,,,,
1,Simulation configuration ID,59775f6d-d6ce-4b1c-afe0-c040a20cf47a,,,,,,,,,
2,Network,SimbenchNetwork_5G_1-LV-rural1--0-no_sw,,,,,,,,,
3,Communication graph,Ring Overlay Topology with 23 agents,,,,,,,,,
4,Agent communication pattern,DemandSupplyBalancing,,,,,,,,,
5,Trigger Type,EVENT_TRIGGERED,,,,,,,,,
6,Data size generator,"Increasing data size generator with lower bound = 8 B,upper bound = 50 B",,,,,,,,,
7,Frequency,0,,,,,,,,,
8,Simulation duration,30000,,,,,,,,,
9,Communication mode,COMPLEX,,,,,,,,,
10,System State,SystemState.NORMAL,,,,,,,,,
11,Organizational structure,HIERARCHICAL,,,,,,,,,
0,,,0.0,97.0,aggregator_agent,1019.0,41.0,control_center_agent,19.0,41.0,116.0
1,,,1.0,148.0,generation_agent_1,1014.0,41.0,aggregator_agent,41.0,41.0,189.0
2,,,613.0,1124.0,control_center_agent,1017.0,41.0,aggregator_agent,20.0,41.0,1144.0
3,,,35.0,210.0,household_agent_1,1001.0,41.0,household_agent_0,45.0,41.0,255.0
4,,,67.0,266.0,household_agent_1,1001.0,41.0,household_agent_0,45.0,41.0,311.0
5,,,99.0,310.0,household_agent_1,1001.0,41.0,household_agent_0,45.0,41.0,355.0
6,,,131.0,356.0,household_agent_1,1001.0,41.0,household_agent_0,40.0,41.0,396.0
7,,,163.0,405.0,household_agent_1,1001.0,41.0,household_agent_0,40.0,41.0,445.0
8,,,195.0,501.0,household_agent_1,1001.0,41.0,household_agent_0,88.0,41.0,589.0
9,,,227.0,535.0,household_agent_1,1001.0,41.0,household_agent_0,56.0,82.0,591.0
10,,,291.0,552.0,household_agent_1,1001.0,41.0,household_agent_0,68.0,41.0,620.0
11,,,323.0,635.0,household_agent_1,1001.0,41.0,household_agent_0,40.0,41.0,675.0
12,,,355.0,723.0,household_agent_1,1001.0,41.0,household_agent_0,46.0,41.0,769.0
13,,,387.0,815.0,household_agent_1,1001.0,41.0,household_agent_0,44.0,41.0,859.0
14,,,419.0,903.0,household_agent_1,1001.0,41.0,household_agent_0,69.0,41.0,972.0
15,,,451.0,927.0,household_agent_1,1001.0,41.0,household_agent_0,70.0,41.0,997.0
16,,,483.0,1025.0,household_agent_1,1001.0,41.0,household_agent_0,49.0,41.0,1074.0
17,,,515.0,1082.0,household_agent_1,1001.0,41.0,household_agent_0,60.0,41.0,1142.0
18,,,547.0,1097.0,household_agent_1,1001.0,41.0,household_agent_0,73.0,41.0,1170.0
19,,,579.0,1152.0,household_agent_1,1001.0,41.0,household_agent_0,43.0,41.0,1195.0
20,,,611.0,1249.0,household_agent_1,1001.0,41.0,household_agent_0,46.0,41.0,1295.0
21,,,33.0,210.0,household_agent_0,1000.0,41.0,household_agent_1,41.0,41.0,251.0
22,,,34.0,210.0,household_agent_2,1002.0,41.0,household_agent_1,47.0,41.0,257.0
23,,,65.0,266.0,household_agent_0,1000.0,41.0,household_agent_1,46.0,41.0,312.0
24,,,66.0,266.0,household_agent_2,1002.0,41.0,household_agent_1,52.0,41.0,318.0
25,,,97.0,310.0,household_agent_0,1000.0,41.0,household_agent_1,44.0,41.0,354.0
26,,,98.0,310.0,household_agent_2,1002.0,41.0,household_agent_1,50.0,41.0,360.0
27,,,129.0,356.0,household_agent_0,1000.0,41.0,household_agent_1,41.0,41.0,397.0
28,,,130.0,356.0,household_agent_2,1002.0,41.0,household_agent_1,47.0,41.0,403.0
29,,,161.0,405.0,household_agent_0,1000.0,41.0,household_agent_1,44.0,41.0,449.0
30,,,162.0,405.0,household_agent_2,1002.0,41.0,household_agent_1,55.0,41.0,460.0
31,,,193.0,501.0,household_agent_0,1000.0,41.0,household_agent_1,42.0,41.0,543.0
32,,,194.0,501.0,household_agent_2,1002.0,41.0,household_agent_1,54.0,41.0,555.0
33,,,225.0,535.0,household_agent_0,1000.0,41.0,household_agent_1,59.0,82.0,594.0
34,,,226.0,535.0,household_agent_2,1002.0,41.0,household_agent_1,70.0,82.0,605.0
35,,,289.0,552.0,household_agent_0,1000.0,41.0,household_agent_1,70.0,41.0,622.0
36,,,290.0,552.0,household_agent_2,1002.0,41.0,household_agent_1,81.0,41.0,633.0
37,,,321.0,635.0,household_agent_0,1000.0,41.0,household_agent_1,42.0,41.0,677.0
38,,,322.0,635.0,household_agent_2,1002.0,41.0,household_agent_1,48.0,41.0,683.0
39,,,353.0,723.0,household_agent_0,1000.0,41.0,household_agent_1,46.0,41.0,769.0
40,,,354.0,723.0,household_agent_2,1002.0,41.0,household_agent_1,52.0,41.0,775.0
41,,,385.0,815.0,household_agent_0,1000.0,41.0,household_agent_1,45.0,41.0,860.0
42,,,386.0,815.0,household_agent_2,1002.0,41.0,household_agent_1,51.0,41.0,866.0
43,,,417.0,903.0,household_agent_0,1000.0,41.0,household_agent_1,68.0,41.0,971.0
44,,,418.0,903.0,household_agent_2,1002.0,41.0,household_agent_1,74.0,41.0,977.0
45,,,449.0,927.0,household_agent_0,1000.0,41.0,household_agent_1,72.0,41.0,999.0
46,,,450.0,927.0,household_agent_2,1002.0,41.0,household_agent_1,78.0,41.0,1005.0
47,,,481.0,1025.0,household_agent_0,1000.0,41.0,household_agent_1,48.0,41.0,1073.0
48,,,482.0,1025.0,household_agent_2,1002.0,41.0,household_agent_1,53.0,41.0,1078.0
49,,,513.0,1082.0,household_agent_0,1000.0,41.0,household_agent_1,60.0,41.0,1142.0
50,,,514.0,1082.0,household_agent_2,1002.0,41.0,household_agent_1,52.0,41.0,1134.0
51,,,545.0,1097.0,household_agent_0,1000.0,41.0,household_agent_1,71.0,41.0,1168.0
52,,,546.0,1097.0,household_agent_2,1002.0,41.0,household_agent_1,71.0,41.0,1168.0
53,,,577.0,1152.0,household_agent_0,1000.0,41.0,household_agent_1,38.0,41.0,1190.0
54,,,578.0,1152.0,household_agent_2,1002.0,41.0,household_agent_1,49.0,41.0,1201.0
55,,,609.0,1249.0,household_agent_0,1000.0,41.0,household_agent_1,46.0,41.0,1295.0
56,,,610.0,1249.0,household_agent_2,1002.0,41.0,household_agent_1,52.0,41.0,1301.0
57,,,31.0,210.0,household_agent_1,1001.0,41.0,household_agent_2,44.0,41.0,254.0
58,,,32.0,210.0,household_agent_3,1003.0,41.0,household_agent_2,50.0,41.0,260.0
59,,,63.0,266.0,household_agent_1,1001.0,41.0,household_agent_2,43.0,41.0,309.0
60,,,64.0,266.0,household_agent_3,1003.0,41.0,household_agent_2,49.0,41.0,315.0
61,,,95.0,310.0,household_agent_1,1001.0,41.0,household_agent_2,46.0,41.0,356.0
62,,,96.0,310.0,household_agent_3,1003.0,41.0,household_agent_2,41.0,41.0,351.0
63,,,127.0,356.0,household_agent_1,1001.0,41.0,household_agent_2,41.0,41.0,397.0
64,,,128.0,356.0,household_agent_3,1003.0,41.0,household_agent_2,47.0,41.0,403.0
65,,,159.0,405.0,household_agent_1,1001.0,41.0,household_agent_2,41.0,41.0,446.0
66,,,160.0,405.0,household_agent_3,1003.0,41.0,household_agent_2,46.0,41.0,451.0
67,,,191.0,501.0,household_agent_1,1001.0,41.0,household_agent_2,87.0,41.0,588.0
68,,,192.0,501.0,household_agent_3,1003.0,41.0,household_agent_2,41.0,41.0,542.0
69,,,223.0,535.0,household_agent_1,1001.0,41.0,household_agent_2,62.0,82.0,597.0
70,,,224.0,535.0,household_agent_3,1003.0,41.0,household_agent_2,58.0,82.0,593.0
71,,,287.0,552.0,household_agent_1,1001.0,41.0,household_agent_2,73.0,41.0,625.0
72,,,288.0,552.0,household_agent_3,1003.0,41.0,household_agent_2,67.0,41.0,619.0
73,,,319.0,635.0,household_agent_1,1001.0,41.0,household_agent_2,41.0,41.0,676.0
74,,,320.0,635.0,household_agent_3,1003.0,41.0,household_agent_2,46.0,41.0,681.0
75,,,351.0,723.0,household_agent_1,1001.0,41.0,household_agent_2,44.0,41.0,767.0
76,,,352.0,723.0,household_agent_3,1003.0,41.0,household_agent_2,50.0,41.0,773.0
77,,,383.0,815.0,household_agent_1,1001.0,41.0,household_agent_2,43.0,41.0,858.0
78,,,384.0,815.0,household_agent_3,1003.0,41.0,household_agent_2,49.0,41.0,864.0
79,,,415.0,903.0,household_agent_1,1001.0,41.0,household_agent_2,66.0,41.0,969.0
80,,,416.0,903.0,household_agent_3,1003.0,41.0,household_agent_2,72.0,41.0,975.0
81,,,447.0,927.0,household_agent_1,1001.0,41.0,household_agent_2,71.0,41.0,998.0
82,,,448.0,927.0,household_agent_3,1003.0,41.0,household_agent_2,76.0,41.0,1003.0
83,,,479.0,1025.0,household_agent_1,1001.0,41.0,household_agent_2,48.0,41.0,1073.0
84,,,480.0,1025.0,household_agent_3,1003.0,41.0,household_agent_2,43.0,41.0,1068.0
85,,,511.0,1082.0,household_agent_1,1001.0,41.0,household_agent_2,66.0,41.0,1148.0
86,,,512.0,1082.0,household_agent_3,1003.0,41.0,household_agent_2,56.0,41.0,1138.0
87,,,543.0,1097.0,household_agent_1,1001.0,41.0,household_agent_2,79.0,41.0,1176.0
88,,,544.0,1097.0,household_agent_3,1003.0,41.0,household_agent_2,74.0,41.0,1171.0
89,,,575.0,1152.0,household_agent_1,1001.0,41.0,household_agent_2,42.0,41.0,1194.0
90,,,576.0,1152.0,household_agent_3,1003.0,41.0,household_agent_2,48.0,41.0,1200.0
91,,,607.0,1249.0,household_agent_1,1001.0,41.0,household_agent_2,42.0,41.0,1291.0
92,,,608.0,1249.0,household_agent_3,1003.0,41.0,household_agent_2,48.0,41.0,1297.0
93,,,29.0,210.0,household_agent_2,1002.0,41.0,household_agent_3,41.0,41.0,251.0
94,,,30.0,210.0,household_agent_4,1004.0,41.0,household_agent_3,47.0,41.0,257.0
95,,,61.0,266.0,household_agent_2,1002.0,41.0,household_agent_3,41.0,41.0,307.0
96,,,62.0,266.0,household_agent_4,1004.0,41.0,household_agent_3,47.0,41.0,313.0
97,,,93.0,310.0,household_agent_2,1002.0,41.0,household_agent_3,39.0,41.0,349.0
98,,,94.0,310.0,household_agent_4,1004.0,41.0,household_agent_3,45.0,41.0,355.0
99,,,125.0,356.0,household_agent_2,1002.0,41.0,household_agent_3,39.0,41.0,395.0
100,,,126.0,356.0,household_agent_4,1004.0,41.0,household_agent_3,45.0,41.0,401.0
101,,,157.0,405.0,household_agent_2,1002.0,41.0,household_agent_3,40.0,41.0,445.0
102,,,158.0,405.0,household_agent_4,1004.0,41.0,household_agent_3,46.0,41.0,451.0
103,,,189.0,501.0,household_agent_2,1002.0,41.0,household_agent_3,42.0,41.0,543.0
104,,,190.0,501.0,household_agent_4,1004.0,41.0,household_agent_3,53.0,41.0,554.0
105,,,221.0,535.0,household_agent_2,1002.0,41.0,household_agent_3,58.0,82.0,593.0
106,,,222.0,535.0,household_agent_4,1004.0,41.0,household_agent_3,64.0,82.0,599.0
107,,,285.0,552.0,household_agent_2,1002.0,41.0,household_agent_3,69.0,41.0,621.0
108,,,286.0,552.0,household_agent_4,1004.0,41.0,household_agent_3,75.0,41.0,627.0
109,,,317.0,635.0,household_agent_2,1002.0,41.0,household_agent_3,41.0,41.0,676.0
110,,,318.0,635.0,household_agent_4,1004.0,41.0,household_agent_3,47.0,41.0,682.0
111,,,349.0,723.0,household_agent_2,1002.0,41.0,household_agent_3,42.0,41.0,765.0
112,,,350.0,723.0,household_agent_4,1004.0,41.0,household_agent_3,48.0,41.0,771.0
113,,,381.0,815.0,household_agent_2,1002.0,41.0,household_agent_3,41.0,41.0,856.0
114,,,382.0,815.0,household_agent_4,1004.0,41.0,household_agent_3,47.0,41.0,862.0
115,,,413.0,903.0,household_agent_2,1002.0,41.0,household_agent_3,65.0,41.0,968.0
116,,,414.0,903.0,household_agent_4,1004.0,41.0,household_agent_3,71.0,41.0,974.0
117,,,445.0,927.0,household_agent_2,1002.0,41.0,household_agent_3,70.0,41.0,997.0
118,,,446.0,927.0,household_agent_4,1004.0,41.0,household_agent_3,76.0,41.0,1003.0
119,,,477.0,1025.0,household_agent_2,1002.0,41.0,household_agent_3,44.0,41.0,1069.0
120,,,478.0,1025.0,household_agent_4,1004.0,41.0,household_agent_3,50.0,41.0,1075.0
121,,,509.0,1082.0,household_agent_2,1002.0,41.0,household_agent_3,54.0,41.0,1136.0
122,,,510.0,1082.0,household_agent_4,1004.0,41.0,household_agent_3,54.0,41.0,1136.0
123,,,541.0,1097.0,household_agent_2,1002.0,41.0,household_agent_3,67.0,41.0,1164.0
124,,,542.0,1097.0,household_agent_4,1004.0,41.0,household_agent_3,73.0,41.0,1170.0
125,,,573.0,1152.0,household_agent_2,1002.0,41.0,household_agent_3,38.0,41.0,1190.0
126,,,574.0,1152.0,household_agent_4,1004.0,41.0,household_agent_3,46.0,41.0,1198.0
127,,,605.0,1249.0,household_agent_2,1002.0,41.0,household_agent_3,41.0,41.0,1290.0
128,,,606.0,1249.0,household_agent_4,1004.0,41.0,household_agent_3,47.0,41.0,1296.0
129,,,27.0,210.0,household_agent_3,1003.0,41.0,household_agent_4,42.0,41.0,252.0
130,,,28.0,210.0,household_agent_5,1005.0,41.0,household_agent_4,48.0,41.0,258.0
131,,,59.0,266.0,household_agent_3,1003.0,41.0,household_agent_4,41.0,41.0,307.0
132,,,60.0,266.0,household_agent_5,1005.0,41.0,household_agent_4,47.0,41.0,313.0
133,,,91.0,310.0,household_agent_3,1003.0,41.0,household_agent_4,40.0,41.0,350.0
134,,,92.0,310.0,household_agent_5,1005.0,41.0,household_agent_4,46.0,41.0,356.0
135,,,123.0,356.0,household_agent_3,1003.0,41.0,household_agent_4,37.0,41.0,393.0
136,,,124.0,356.0,household_agent_5,1005.0,41.0,household_agent_4,43.0,41.0,399.0
137,,,155.0,405.0,household_agent_3,1003.0,41.0,household_agent_4,38.0,41.0,443.0
138,,,156.0,405.0,household_agent_5,1005.0,41.0,household_agent_4,44.0,41.0,449.0
139,,,187.0,501.0,household_agent_3,1003.0,41.0,household_agent_4,42.0,41.0,543.0
140,,,188.0,501.0,household_agent_5,1005.0,41.0,household_agent_4,54.0,41.0,555.0
141,,,219.0,535.0,household_agent_3,1003.0,41.0,household_agent_4,60.0,82.0,595.0
142,,,220.0,535.0,household_agent_5,1005.0,41.0,household_agent_4,66.0,82.0,601.0
143,,,283.0,552.0,household_agent_3,1003.0,41.0,household_agent_4,69.0,41.0,621.0
144,,,284.0,552.0,household_agent_5,1005.0,41.0,household_agent_4,75.0,41.0,627.0
145,,,315.0,635.0,household_agent_3,1003.0,41.0,household_agent_4,41.0,41.0,676.0
146,,,316.0,635.0,household_agent_5,1005.0,41.0,household_agent_4,47.0,41.0,682.0
147,,,347.0,723.0,household_agent_3,1003.0,41.0,household_agent_4,41.0,41.0,764.0
148,,,348.0,723.0,household_agent_5,1005.0,41.0,household_agent_4,47.0,41.0,770.0
149,,,379.0,815.0,household_agent_3,1003.0,41.0,household_agent_4,42.0,41.0,857.0
150,,,380.0,815.0,household_agent_5,1005.0,41.0,household_agent_4,48.0,41.0,863.0
151,,,411.0,903.0,household_agent_3,1003.0,41.0,household_agent_4,66.0,41.0,969.0
152,,,412.0,903.0,household_agent_5,1005.0,41.0,household_agent_4,72.0,41.0,975.0
153,,,443.0,927.0,household_agent_3,1003.0,41.0,household_agent_4,70.0,41.0,997.0
154,,,444.0,927.0,household_agent_5,1005.0,41.0,household_agent_4,76.0,41.0,1003.0
155,,,475.0,1025.0,household_agent_3,1003.0,41.0,household_agent_4,42.0,41.0,1067.0
156,,,476.0,1025.0,household_agent_5,1005.0,41.0,household_agent_4,48.0,41.0,1073.0
157,,,507.0,1082.0,household_agent_3,1003.0,41.0,household_agent_4,57.0,41.0,1139.0
158,,,508.0,1082.0,household_agent_5,1005.0,41.0,household_agent_4,62.0,41.0,1144.0
159,,,539.0,1097.0,household_agent_3,1003.0,41.0,household_agent_4,69.0,41.0,1166.0
160,,,540.0,1097.0,household_agent_5,1005.0,41.0,household_agent_4,74.0,41.0,1171.0
161,,,571.0,1152.0,household_agent_3,1003.0,41.0,household_agent_4,42.0,41.0,1194.0
162,,,572.0,1152.0,household_agent_5,1005.0,41.0,household_agent_4,47.0,41.0,1199.0
163,,,603.0,1249.0,household_agent_3,1003.0,41.0,household_agent_4,44.0,41.0,1293.0
164,,,604.0,1249.0,household_agent_5,1005.0,41.0,household_agent_4,50.0,41.0,1299.0
165,,,25.0,210.0,household_agent_4,1004.0,41.0,household_agent_5,42.0,41.0,252.0
166,,,26.0,210.0,household_agent_6,1006.0,41.0,household_agent_5,48.0,41.0,258.0
167,,,57.0,266.0,household_agent_4,1004.0,41.0,household_agent_5,41.0,41.0,307.0
168,,,58.0,266.0,household_agent_6,1006.0,41.0,household_agent_5,47.0,41.0,313.0
169,,,89.0,310.0,household_agent_4,1004.0,41.0,household_agent_5,39.0,41.0,349.0
170,,,90.0,310.0,household_agent_6,1006.0,41.0,household_agent_5,45.0,41.0,355.0
171,,,121.0,356.0,household_agent_4,1004.0,41.0,household_agent_5,39.0,41.0,395.0
172,,,122.0,356.0,household_agent_6,1006.0,41.0,household_agent_5,45.0,41.0,401.0
173,,,153.0,405.0,household_agent_4,1004.0,41.0,household_agent_5,39.0,41.0,444.0
174,,,154.0,405.0,household_agent_6,1006.0,41.0,household_agent_5,45.0,41.0,450.0
175,,,185.0,501.0,household_agent_4,1004.0,41.0,household_agent_5,41.0,41.0,542.0
176,,,186.0,501.0,household_agent_6,1006.0,41.0,household_agent_5,53.0,41.0,554.0
177,,,217.0,535.0,household_agent_4,1004.0,41.0,household_agent_5,59.0,82.0,594.0
178,,,218.0,535.0,household_agent_6,1006.0,41.0,household_agent_5,64.0,82.0,599.0
179,,,281.0,552.0,household_agent_4,1004.0,41.0,household_agent_5,70.0,41.0,622.0
180,,,282.0,552.0,household_agent_6,1006.0,41.0,household_agent_5,75.0,41.0,627.0
181,,,313.0,635.0,household_agent_4,1004.0,41.0,household_agent_5,38.0,41.0,673.0
182,,,314.0,635.0,household_agent_6,1006.0,41.0,household_agent_5,44.0,41.0,679.0
183,,,345.0,723.0,household_agent_4,1004.0,41.0,household_agent_5,42.0,41.0,765.0
184,,,346.0,723.0,household_agent_6,1006.0,41.0,household_agent_5,48.0,41.0,771.0
185,,,377.0,815.0,household_agent_4,1004.0,41.0,household_agent_5,42.0,41.0,857.0
186,,,378.0,815.0,household_agent_6,1006.0,41.0,household_agent_5,48.0,41.0,863.0
187,,,409.0,903.0,household_agent_4,1004.0,41.0,household_agent_5,65.0,41.0,968.0
188,,,410.0,903.0,household_agent_6,1006.0,41.0,household_agent_5,71.0,41.0,974.0
189,,,441.0,927.0,household_agent_4,1004.0,41.0,household_agent_5,70.0,41.0,997.0
190,,,442.0,927.0,household_agent_6,1006.0,41.0,household_agent_5,76.0,41.0,1003.0
191,,,473.0,1025.0,household_agent_4,1004.0,41.0,household_agent_5,43.0,41.0,1068.0
192,,,474.0,1025.0,household_agent_6,1006.0,41.0,household_agent_5,48.0,41.0,1073.0
193,,,505.0,1082.0,household_agent_4,1004.0,41.0,household_agent_5,56.0,41.0,1138.0
194,,,506.0,1082.0,household_agent_6,1006.0,41.0,household_agent_5,62.0,41.0,1144.0
195,,,537.0,1097.0,household_agent_4,1004.0,41.0,household_agent_5,67.0,41.0,1164.0
196,,,538.0,1097.0,household_agent_6,1006.0,41.0,household_agent_5,73.0,41.0,1170.0
197,,,569.0,1152.0,household_agent_4,1004.0,41.0,household_agent_5,40.0,41.0,1192.0
198,,,570.0,1152.0,household_agent_6,1006.0,41.0,household_agent_5,46.0,41.0,1198.0
199,,,601.0,1249.0,household_agent_4,1004.0,41.0,household_agent_5,41.0,41.0,1290.0
200,,,602.0,1249.0,household_agent_6,1006.0,41.0,household_agent_5,48.0,41.0,1297.0
201,,,23.0,210.0,household_agent_5,1005.0,41.0,household_agent_6,41.0,41.0,251.0
202,,,24.0,210.0,household_agent_7,1007.0,41.0,household_agent_6,47.0,41.0,257.0
203,,,55.0,266.0,household_agent_5,1005.0,41.0,household_agent_6,41.0,41.0,307.0
204,,,56.0,266.0,household_agent_7,1007.0,41.0,household_agent_6,47.0,41.0,313.0
205,,,87.0,310.0,household_agent_5,1005.0,41.0,household_agent_6,42.0,41.0,352.0
206,,,88.0,310.0,household_agent_7,1007.0,41.0,household_agent_6,48.0,41.0,358.0
207,,,119.0,356.0,household_agent_5,1005.0,41.0,household_agent_6,38.0,41.0,394.0
208,,,120.0,356.0,household_agent_7,1007.0,41.0,household_agent_6,45.0,41.0,401.0
209,,,151.0,405.0,household_agent_5,1005.0,41.0,household_agent_6,38.0,41.0,443.0
210,,,152.0,405.0,household_agent_7,1007.0,41.0,household_agent_6,44.0,41.0,449.0
211,,,183.0,501.0,household_agent_5,1005.0,41.0,household_agent_6,41.0,41.0,542.0
212,,,184.0,501.0,household_agent_7,1007.0,41.0,household_agent_6,53.0,41.0,554.0
213,,,215.0,535.0,household_agent_5,1005.0,41.0,household_agent_6,62.0,41.0,597.0
214,,,216.0,535.0,household_agent_7,1007.0,41.0,household_agent_6,67.0,82.0,602.0
215,,,247.0,542.0,household_agent_5,1005.0,41.0,household_agent_6,83.0,82.0,625.0
216,,,280.0,552.0,household_agent_7,1007.0,41.0,household_agent_6,78.0,41.0,630.0
217,,,311.0,635.0,household_agent_5,1005.0,41.0,household_agent_6,41.0,41.0,676.0
218,,,312.0,635.0,household_agent_7,1007.0,41.0,household_agent_6,47.0,41.0,682.0
219,,,343.0,723.0,household_agent_5,1005.0,41.0,household_agent_6,41.0,41.0,764.0
220,,,344.0,723.0,household_agent_7,1007.0,41.0,household_agent_6,47.0,41.0,770.0
221,,,375.0,815.0,household_agent_5,1005.0,41.0,household_agent_6,41.0,41.0,856.0
222,,,376.0,815.0,household_agent_7,1007.0,41.0,household_agent_6,47.0,41.0,862.0
223,,,407.0,903.0,household_agent_5,1005.0,41.0,household_agent_6,65.0,41.0,968.0
224,,,408.0,903.0,household_agent_7,1007.0,41.0,household_agent_6,71.0,41.0,974.0
225,,,439.0,927.0,household_agent_5,1005.0,41.0,household_agent_6,70.0,41.0,997.0
226,,,440.0,927.0,household_agent_7,1007.0,41.0,household_agent_6,75.0,41.0,1002.0
227,,,471.0,1025.0,household_agent_5,1005.0,41.0,household_agent_6,43.0,41.0,1068.0
228,,,472.0,1025.0,household_agent_7,1007.0,41.0,household_agent_6,49.0,41.0,1074.0
229,,,503.0,1082.0,household_agent_5,1005.0,41.0,household_agent_6,56.0,41.0,1138.0
230,,,504.0,1082.0,household_agent_7,1007.0,41.0,household_agent_6,62.0,41.0,1144.0
231,,,535.0,1097.0,household_agent_5,1005.0,41.0,household_agent_6,68.0,41.0,1165.0
232,,,536.0,1097.0,household_agent_7,1007.0,41.0,household_agent_6,74.0,41.0,1171.0
233,,,567.0,1152.0,household_agent_5,1005.0,41.0,household_agent_6,41.0,41.0,1193.0
234,,,568.0,1152.0,household_agent_7,1007.0,41.0,household_agent_6,47.0,41.0,1199.0
235,,,599.0,1249.0,household_agent_5,1005.0,41.0,household_agent_6,42.0,41.0,1291.0
236,,,600.0,1249.0,household_agent_7,1007.0,41.0,household_agent_6,48.0,41.0,1297.0
237,,,21.0,210.0,household_agent_6,1006.0,41.0,household_agent_7,41.0,41.0,251.0
238,,,22.0,210.0,household_agent_8,1008.0,41.0,household_agent_7,47.0,41.0,257.0
239,,,53.0,266.0,household_agent_6,1006.0,41.0,household_agent_7,42.0,41.0,308.0
240,,,54.0,266.0,household_agent_8,1008.0,41.0,household_agent_7,48.0,41.0,314.0
241,,,85.0,310.0,household_agent_6,1006.0,41.0,household_agent_7,41.0,41.0,351.0
242,,,86.0,310.0,household_agent_8,1008.0,41.0,household_agent_7,47.0,41.0,357.0
243,,,117.0,356.0,household_agent_6,1006.0,41.0,household_agent_7,37.0,41.0,393.0
244,,,118.0,356.0,household_agent_8,1008.0,41.0,household_agent_7,43.0,41.0,399.0
245,,,149.0,405.0,household_agent_6,1006.0,41.0,household_agent_7,38.0,41.0,443.0
246,,,150.0,405.0,household_agent_8,1008.0,41.0,household_agent_7,44.0,41.0,449.0
247,,,181.0,501.0,household_agent_6,1006.0,41.0,household_agent_7,42.0,41.0,543.0
248,,,182.0,501.0,household_agent_8,1008.0,41.0,household_agent_7,54.0,41.0,555.0
249,,,213.0,535.0,household_agent_6,1006.0,41.0,household_agent_7,58.0,82.0,593.0
250,,,214.0,535.0,household_agent_8,1008.0,41.0,household_agent_7,64.0,82.0,599.0
251,,,277.0,552.0,household_agent_6,1006.0,41.0,household_agent_7,69.0,41.0,621.0
252,,,278.0,552.0,household_agent_8,1008.0,41.0,household_agent_7,75.0,41.0,627.0
253,,,309.0,635.0,household_agent_6,1006.0,41.0,household_agent_7,37.0,41.0,672.0
254,,,310.0,635.0,household_agent_8,1008.0,41.0,household_agent_7,43.0,41.0,678.0
255,,,341.0,723.0,household_agent_6,1006.0,41.0,household_agent_7,43.0,41.0,766.0
256,,,342.0,723.0,household_agent_8,1008.0,41.0,household_agent_7,49.0,41.0,772.0
257,,,373.0,815.0,household_agent_6,1006.0,41.0,household_agent_7,41.0,41.0,856.0
258,,,374.0,815.0,household_agent_8,1008.0,41.0,household_agent_7,47.0,41.0,862.0
259,,,405.0,903.0,household_agent_6,1006.0,41.0,household_agent_7,65.0,41.0,968.0
260,,,406.0,903.0,household_agent_8,1008.0,41.0,household_agent_7,72.0,41.0,975.0
261,,,437.0,927.0,household_agent_6,1006.0,41.0,household_agent_7,69.0,41.0,996.0
262,,,438.0,927.0,household_agent_8,1008.0,41.0,household_agent_7,76.0,41.0,1003.0
263,,,469.0,1025.0,household_agent_6,1006.0,41.0,household_agent_7,43.0,41.0,1068.0
264,,,470.0,1025.0,household_agent_8,1008.0,41.0,household_agent_7,48.0,41.0,1073.0
265,,,501.0,1082.0,household_agent_6,1006.0,41.0,household_agent_7,56.0,41.0,1138.0
266,,,502.0,1082.0,household_agent_8,1008.0,41.0,household_agent_7,62.0,41.0,1144.0
267,,,533.0,1097.0,household_agent_6,1006.0,41.0,household_agent_7,68.0,41.0,1165.0
268,,,534.0,1097.0,household_agent_8,1008.0,41.0,household_agent_7,74.0,41.0,1171.0
269,,,565.0,1152.0,household_agent_6,1006.0,41.0,household_agent_7,41.0,41.0,1193.0
270,,,566.0,1152.0,household_agent_8,1008.0,41.0,household_agent_7,47.0,41.0,1199.0
271,,,597.0,1249.0,household_agent_6,1006.0,41.0,household_agent_7,42.0,41.0,1291.0
272,,,598.0,1249.0,household_agent_8,1008.0,41.0,household_agent_7,48.0,41.0,1297.0
273,,,19.0,210.0,household_agent_7,1007.0,41.0,household_agent_8,41.0,41.0,251.0
274,,,20.0,210.0,household_agent_9,1009.0,41.0,household_agent_8,47.0,41.0,257.0
275,,,51.0,266.0,household_agent_7,1007.0,41.0,household_agent_8,44.0,41.0,310.0
276,,,52.0,266.0,household_agent_9,1009.0,41.0,household_agent_8,50.0,41.0,316.0
277,,,83.0,310.0,household_agent_7,1007.0,41.0,household_agent_8,42.0,41.0,352.0
278,,,84.0,310.0,household_agent_9,1009.0,41.0,household_agent_8,48.0,41.0,358.0
279,,,115.0,356.0,household_agent_7,1007.0,41.0,household_agent_8,38.0,41.0,394.0
280,,,116.0,356.0,household_agent_9,1009.0,41.0,household_agent_8,44.0,41.0,400.0
281,,,147.0,405.0,household_agent_7,1007.0,41.0,household_agent_8,38.0,41.0,443.0
282,,,148.0,405.0,household_agent_9,1009.0,41.0,household_agent_8,44.0,41.0,449.0
283,,,179.0,501.0,household_agent_7,1007.0,41.0,household_agent_8,42.0,41.0,543.0
284,,,180.0,501.0,household_agent_9,1009.0,41.0,household_agent_8,54.0,41.0,555.0
285,,,211.0,535.0,household_agent_7,1007.0,41.0,household_agent_8,55.0,41.0,590.0
286,,,212.0,535.0,household_agent_9,1009.0,41.0,household_agent_8,66.0,82.0,601.0
287,,,243.0,542.0,household_agent_7,1007.0,41.0,household_agent_8,76.0,82.0,618.0
288,,,276.0,552.0,household_agent_9,1009.0,41.0,household_agent_8,78.0,41.0,630.0
289,,,307.0,635.0,household_agent_7,1007.0,41.0,household_agent_8,41.0,41.0,676.0
290,,,308.0,635.0,household_agent_9,1009.0,41.0,household_agent_8,47.0,41.0,682.0
291,,,339.0,723.0,household_agent_7,1007.0,41.0,household_agent_8,44.0,41.0,767.0
292,,,340.0,723.0,household_agent_9,1009.0,41.0,household_agent_8,50.0,41.0,773.0
293,,,371.0,815.0,household_agent_7,1007.0,41.0,household_agent_8,41.0,41.0,856.0
294,,,372.0,815.0,household_agent_9,1009.0,41.0,household_agent_8,47.0,41.0,862.0
295,,,403.0,903.0,household_agent_7,1007.0,41.0,household_agent_8,65.0,41.0,968.0
296,,,404.0,903.0,household_agent_9,1009.0,41.0,household_agent_8,71.0,41.0,974.0
297,,,435.0,927.0,household_agent_7,1007.0,41.0,household_agent_8,70.0,41.0,997.0
298,,,436.0,927.0,household_agent_9,1009.0,41.0,household_agent_8,76.0,41.0,1003.0
299,,,467.0,1025.0,household_agent_7,1007.0,41.0,household_agent_8,44.0,41.0,1069.0
300,,,468.0,1025.0,household_agent_9,1009.0,41.0,household_agent_8,50.0,41.0,1075.0
301,,,499.0,1082.0,household_agent_7,1007.0,41.0,household_agent_8,55.0,41.0,1137.0
302,,,500.0,1082.0,household_agent_9,1009.0,41.0,household_agent_8,61.0,41.0,1143.0
303,,,531.0,1097.0,household_agent_7,1007.0,41.0,household_agent_8,68.0,41.0,1165.0
304,,,532.0,1097.0,household_agent_9,1009.0,41.0,household_agent_8,74.0,41.0,1171.0
305,,,563.0,1152.0,household_agent_7,1007.0,41.0,household_agent_8,41.0,41.0,1193.0
306,,,564.0,1152.0,household_agent_9,1009.0,41.0,household_agent_8,47.0,41.0,1199.0
307,,,595.0,1249.0,household_agent_7,1007.0,41.0,household_agent_8,41.0,41.0,1290.0
308,,,596.0,1249.0,household_agent_9,1009.0,41.0,household_agent_8,48.0,41.0,1297.0
309,,,17.0,210.0,household_agent_8,1008.0,41.0,household_agent_9,41.0,41.0,251.0
310,,,18.0,210.0,household_agent_10,1010.0,41.0,household_agent_9,47.0,41.0,257.0
311,,,49.0,266.0,household_agent_8,1008.0,41.0,household_agent_9,42.0,41.0,308.0
312,,,50.0,266.0,household_agent_10,1010.0,41.0,household_agent_9,48.0,41.0,314.0
313,,,81.0,310.0,household_agent_8,1008.0,41.0,household_agent_9,42.0,41.0,352.0
314,,,82.0,310.0,household_agent_10,1010.0,41.0,household_agent_9,48.0,41.0,358.0
315,,,113.0,356.0,household_agent_8,1008.0,41.0,household_agent_9,37.0,41.0,393.0
316,,,114.0,356.0,household_agent_10,1010.0,41.0,household_agent_9,43.0,41.0,399.0
317,,,145.0,405.0,household_agent_8,1008.0,41.0,household_agent_9,37.0,41.0,442.0
318,,,146.0,405.0,household_agent_10,1010.0,41.0,household_agent_9,43.0,41.0,448.0
319,,,177.0,501.0,household_agent_8,1008.0,41.0,household_agent_9,41.0,41.0,542.0
320,,,178.0,501.0,household_agent_10,1010.0,41.0,household_agent_9,54.0,41.0,555.0
321,,,209.0,535.0,household_agent_8,1008.0,41.0,household_agent_9,57.0,41.0,592.0
322,,,210.0,535.0,household_agent_10,1010.0,41.0,household_agent_9,67.0,82.0,602.0
323,,,241.0,542.0,household_agent_8,1008.0,41.0,household_agent_9,78.0,82.0,620.0
324,,,274.0,552.0,household_agent_10,1010.0,41.0,household_agent_9,78.0,41.0,630.0
325,,,305.0,635.0,household_agent_8,1008.0,41.0,household_agent_9,37.0,41.0,672.0
326,,,306.0,635.0,household_agent_10,1010.0,41.0,household_agent_9,43.0,41.0,678.0
327,,,337.0,723.0,household_agent_8,1008.0,41.0,household_agent_9,41.0,41.0,764.0
328,,,338.0,723.0,household_agent_10,1010.0,41.0,household_agent_9,47.0,41.0,770.0
329,,,369.0,815.0,household_agent_8,1008.0,41.0,household_agent_9,41.0,41.0,856.0
330,,,370.0,815.0,household_agent_10,1010.0,41.0,household_agent_9,47.0,41.0,862.0
331,,,401.0,903.0,household_agent_8,1008.0,41.0,household_agent_9,66.0,41.0,969.0
332,,,402.0,903.0,household_agent_10,1010.0,41.0,household_agent_9,72.0,41.0,975.0
333,,,433.0,927.0,household_agent_8,1008.0,41.0,household_agent_9,70.0,41.0,997.0
334,,,434.0,927.0,household_agent_10,1010.0,41.0,household_agent_9,76.0,41.0,1003.0
335,,,465.0,1025.0,household_agent_8,1008.0,41.0,household_agent_9,43.0,41.0,1068.0
336,,,466.0,1025.0,household_agent_10,1010.0,41.0,household_agent_9,49.0,41.0,1074.0
337,,,497.0,1082.0,household_agent_8,1008.0,41.0,household_agent_9,57.0,41.0,1139.0
338,,,498.0,1082.0,household_agent_10,1010.0,41.0,household_agent_9,63.0,41.0,1145.0
339,,,529.0,1097.0,household_agent_8,1008.0,41.0,household_agent_9,68.0,41.0,1165.0
340,,,530.0,1097.0,household_agent_10,1010.0,41.0,household_agent_9,74.0,41.0,1171.0
341,,,561.0,1152.0,household_agent_8,1008.0,41.0,household_agent_9,41.0,41.0,1193.0
342,,,562.0,1152.0,household_agent_10,1010.0,41.0,household_agent_9,47.0,41.0,1199.0
343,,,593.0,1249.0,household_agent_8,1008.0,41.0,household_agent_9,42.0,41.0,1291.0
344,,,594.0,1249.0,household_agent_10,1010.0,41.0,household_agent_9,48.0,41.0,1297.0
345,,,15.0,210.0,household_agent_9,1009.0,41.0,household_agent_10,43.0,41.0,253.0
346,,,16.0,210.0,household_agent_11,1011.0,41.0,household_agent_10,49.0,41.0,259.0
347,,,47.0,266.0,household_agent_9,1009.0,41.0,household_agent_10,43.0,41.0,309.0
348,,,48.0,266.0,household_agent_11,1011.0,41.0,household_agent_10,49.0,41.0,315.0
349,,,79.0,310.0,household_agent_9,1009.0,41.0,household_agent_10,41.0,41.0,351.0
350,,,80.0,310.0,household_agent_11,1011.0,41.0,household_agent_10,46.0,41.0,356.0
351,,,111.0,356.0,household_agent_9,1009.0,41.0,household_agent_10,38.0,41.0,394.0
352,,,112.0,356.0,household_agent_11,1011.0,41.0,household_agent_10,44.0,41.0,400.0
353,,,143.0,405.0,household_agent_9,1009.0,41.0,household_agent_10,41.0,41.0,446.0
354,,,144.0,405.0,household_agent_11,1011.0,41.0,household_agent_10,47.0,41.0,452.0
355,,,175.0,501.0,household_agent_9,1009.0,41.0,household_agent_10,44.0,41.0,545.0
356,,,176.0,501.0,household_agent_11,1011.0,41.0,household_agent_10,55.0,41.0,556.0
357,,,207.0,535.0,household_agent_9,1009.0,41.0,household_agent_10,57.0,41.0,592.0
358,,,208.0,535.0,household_agent_11,1011.0,41.0,household_agent_10,68.0,82.0,603.0
359,,,239.0,542.0,household_agent_9,1009.0,41.0,household_agent_10,80.0,82.0,622.0
360,,,272.0,552.0,household_agent_11,1011.0,41.0,household_agent_10,80.0,41.0,632.0
361,,,303.0,635.0,household_agent_9,1009.0,41.0,household_agent_10,38.0,41.0,673.0
362,,,304.0,635.0,household_agent_11,1011.0,41.0,household_agent_10,44.0,41.0,679.0
363,,,335.0,723.0,household_agent_9,1009.0,41.0,household_agent_10,44.0,41.0,767.0
364,,,336.0,723.0,household_agent_11,1011.0,41.0,household_agent_10,50.0,41.0,773.0
365,,,367.0,815.0,household_agent_9,1009.0,41.0,household_agent_10,41.0,41.0,856.0
366,,,368.0,815.0,household_agent_11,1011.0,41.0,household_agent_10,47.0,41.0,862.0
367,,,399.0,903.0,household_agent_9,1009.0,41.0,household_agent_10,65.0,41.0,968.0
368,,,400.0,903.0,household_agent_11,1011.0,41.0,household_agent_10,71.0,41.0,974.0
369,,,431.0,927.0,household_agent_9,1009.0,41.0,household_agent_10,69.0,41.0,996.0
370,,,432.0,927.0,household_agent_11,1011.0,41.0,household_agent_10,76.0,41.0,1003.0
371,,,463.0,1025.0,household_agent_9,1009.0,41.0,household_agent_10,45.0,41.0,1070.0
372,,,464.0,1025.0,household_agent_11,1011.0,41.0,household_agent_10,51.0,41.0,1076.0
373,,,495.0,1082.0,household_agent_9,1009.0,41.0,household_agent_10,56.0,41.0,1138.0
374,,,496.0,1082.0,household_agent_11,1011.0,41.0,household_agent_10,62.0,41.0,1144.0
375,,,527.0,1097.0,household_agent_9,1009.0,41.0,household_agent_10,68.0,41.0,1165.0
376,,,528.0,1097.0,household_agent_11,1011.0,41.0,household_agent_10,74.0,41.0,1171.0
377,,,559.0,1152.0,household_agent_9,1009.0,41.0,household_agent_10,41.0,41.0,1193.0
378,,,560.0,1152.0,household_agent_11,1011.0,41.0,household_agent_10,47.0,41.0,1199.0
379,,,591.0,1249.0,household_agent_9,1009.0,41.0,household_agent_10,42.0,41.0,1291.0
380,,,592.0,1249.0,household_agent_11,1011.0,41.0,household_agent_10,48.0,41.0,1297.0
381,,,13.0,210.0,household_agent_10,1010.0,41.0,household_agent_11,41.0,41.0,251.0
382,,,14.0,210.0,household_agent_12,1012.0,41.0,household_agent_11,47.0,41.0,257.0
383,,,45.0,266.0,household_agent_10,1010.0,41.0,household_agent_11,42.0,41.0,308.0
384,,,46.0,266.0,household_agent_12,1012.0,41.0,household_agent_11,48.0,41.0,314.0
385,,,77.0,310.0,household_agent_10,1010.0,41.0,household_agent_11,39.0,41.0,349.0
386,,,78.0,310.0,household_agent_12,1012.0,41.0,household_agent_11,45.0,41.0,355.0
387,,,109.0,356.0,household_agent_10,1010.0,41.0,household_agent_11,38.0,41.0,394.0
388,,,110.0,356.0,household_agent_12,1012.0,41.0,household_agent_11,44.0,41.0,400.0
389,,,141.0,405.0,household_agent_10,1010.0,41.0,household_agent_11,38.0,41.0,443.0
390,,,142.0,405.0,household_agent_12,1012.0,41.0,household_agent_11,44.0,41.0,449.0
391,,,173.0,501.0,household_agent_10,1010.0,41.0,household_agent_11,41.0,41.0,542.0
392,,,174.0,501.0,household_agent_12,1012.0,41.0,household_agent_11,54.0,41.0,555.0
393,,,205.0,535.0,household_agent_10,1010.0,41.0,household_agent_11,57.0,82.0,592.0
394,,,206.0,535.0,household_agent_12,1012.0,41.0,household_agent_11,62.0,82.0,597.0
395,,,269.0,552.0,household_agent_10,1010.0,41.0,household_agent_11,65.0,41.0,617.0
396,,,270.0,552.0,household_agent_12,1012.0,41.0,household_agent_11,73.0,41.0,625.0
397,,,301.0,635.0,household_agent_10,1010.0,41.0,household_agent_11,39.0,41.0,674.0
398,,,302.0,635.0,household_agent_12,1012.0,41.0,household_agent_11,45.0,41.0,680.0
399,,,333.0,723.0,household_agent_10,1010.0,41.0,household_agent_11,41.0,41.0,764.0
400,,,334.0,723.0,household_agent_12,1012.0,41.0,household_agent_11,47.0,41.0,770.0
401,,,365.0,815.0,household_agent_10,1010.0,41.0,household_agent_11,41.0,41.0,856.0
402,,,366.0,815.0,household_agent_12,1012.0,41.0,household_agent_11,47.0,41.0,862.0
403,,,397.0,903.0,household_agent_10,1010.0,41.0,household_agent_11,65.0,41.0,968.0
404,,,398.0,903.0,household_agent_12,1012.0,41.0,household_agent_11,72.0,41.0,975.0
405,,,429.0,927.0,household_agent_10,1010.0,41.0,household_agent_11,70.0,41.0,997.0
406,,,430.0,927.0,household_agent_12,1012.0,41.0,household_agent_11,76.0,41.0,1003.0
407,,,461.0,1025.0,household_agent_10,1010.0,41.0,household_agent_11,41.0,41.0,1066.0
408,,,462.0,1025.0,household_agent_12,1012.0,41.0,household_agent_11,47.0,41.0,1072.0
409,,,493.0,1082.0,household_agent_10,1010.0,41.0,household_agent_11,56.0,41.0,1138.0
410,,,494.0,1082.0,household_agent_12,1012.0,41.0,household_agent_11,62.0,41.0,1144.0
411,,,525.0,1097.0,household_agent_10,1010.0,41.0,household_agent_11,70.0,41.0,1167.0
412,,,526.0,1097.0,household_agent_12,1012.0,41.0,household_agent_11,75.0,41.0,1172.0
413,,,557.0,1152.0,household_agent_10,1010.0,41.0,household_agent_11,43.0,41.0,1195.0
414,,,558.0,1152.0,household_agent_12,1012.0,41.0,household_agent_11,49.0,41.0,1201.0
415,,,589.0,1249.0,household_agent_10,1010.0,41.0,household_agent_11,41.0,41.0,1290.0
416,,,590.0,1249.0,household_agent_12,1012.0,41.0,household_agent_11,47.0,41.0,1296.0
417,,,10.0,210.0,household_agent_11,1011.0,41.0,household_agent_12,43.0,41.0,253.0
418,,,11.0,210.0,generation_agent_0,1013.0,41.0,household_agent_12,49.0,41.0,259.0
419,,,42.0,266.0,household_agent_11,1011.0,41.0,household_agent_12,41.0,41.0,307.0
420,,,43.0,266.0,generation_agent_0,1013.0,41.0,household_agent_12,47.0,41.0,313.0
421,,,74.0,310.0,household_agent_11,1011.0,41.0,household_agent_12,40.0,41.0,350.0
422,,,75.0,310.0,generation_agent_0,1013.0,41.0,household_agent_12,46.0,41.0,356.0
423,,,106.0,356.0,household_agent_11,1011.0,41.0,household_agent_12,37.0,41.0,393.0
424,,,107.0,356.0,generation_agent_0,1013.0,41.0,household_agent_12,43.0,41.0,399.0
425,,,138.0,405.0,household_agent_11,1011.0,41.0,household_agent_12,39.0,41.0,444.0
426,,,139.0,405.0,generation_agent_0,1013.0,41.0,household_agent_12,45.0,41.0,450.0
427,,,170.0,501.0,household_agent_11,1011.0,41.0,household_agent_12,42.0,41.0,543.0
428,,,171.0,501.0,generation_agent_0,1013.0,41.0,household_agent_12,54.0,41.0,555.0
429,,,202.0,535.0,household_agent_11,1011.0,41.0,household_agent_12,54.0,82.0,589.0
430,,,203.0,535.0,generation_agent_0,1013.0,41.0,household_agent_12,67.0,82.0,602.0
431,,,266.0,552.0,household_agent_11,1011.0,41.0,household_agent_12,65.0,41.0,617.0
432,,,267.0,552.0,generation_agent_0,1013.0,41.0,household_agent_12,77.0,41.0,629.0
433,,,298.0,635.0,household_agent_11,1011.0,41.0,household_agent_12,38.0,41.0,673.0
434,,,299.0,635.0,generation_agent_0,1013.0,41.0,household_agent_12,44.0,41.0,679.0
435,,,330.0,723.0,household_agent_11,1011.0,41.0,household_agent_12,41.0,41.0,764.0
436,,,331.0,723.0,generation_agent_0,1013.0,41.0,household_agent_12,47.0,41.0,770.0
437,,,362.0,815.0,household_agent_11,1011.0,41.0,household_agent_12,42.0,41.0,857.0
438,,,363.0,815.0,generation_agent_0,1013.0,41.0,household_agent_12,48.0,41.0,863.0
439,,,394.0,903.0,household_agent_11,1011.0,41.0,household_agent_12,65.0,41.0,968.0
440,,,395.0,903.0,generation_agent_0,1013.0,41.0,household_agent_12,71.0,41.0,974.0
441,,,426.0,927.0,household_agent_11,1011.0,41.0,household_agent_12,70.0,41.0,997.0
442,,,427.0,927.0,generation_agent_0,1013.0,41.0,household_agent_12,76.0,41.0,1003.0
443,,,458.0,1025.0,household_agent_11,1011.0,41.0,household_agent_12,44.0,41.0,1069.0
444,,,459.0,1025.0,generation_agent_0,1013.0,41.0,household_agent_12,50.0,41.0,1075.0
445,,,490.0,1082.0,household_agent_11,1011.0,41.0,household_agent_12,53.0,41.0,1135.0
446,,,491.0,1082.0,generation_agent_0,1013.0,41.0,household_agent_12,60.0,41.0,1142.0
447,,,522.0,1097.0,household_agent_11,1011.0,41.0,household_agent_12,66.0,41.0,1163.0
448,,,523.0,1097.0,generation_agent_0,1013.0,41.0,household_agent_12,72.0,41.0,1169.0
449,,,554.0,1152.0,household_agent_11,1011.0,41.0,household_agent_12,39.0,41.0,1191.0
450,,,555.0,1152.0,generation_agent_0,1013.0,41.0,household_agent_12,44.0,41.0,1196.0
451,,,586.0,1249.0,household_agent_11,1011.0,41.0,household_agent_12,43.0,41.0,1292.0
452,,,587.0,1249.0,generation_agent_0,1013.0,41.0,household_agent_12,49.0,41.0,1298.0
453,,,6.0,210.0,household_agent_12,1012.0,41.0,generation_agent_0,48.0,41.0,258.0
454,,,7.0,210.0,generation_agent_1,1014.0,41.0,generation_agent_0,41.0,41.0,251.0
455,,,38.0,266.0,household_agent_12,1012.0,41.0,generation_agent_0,49.0,41.0,315.0
456,,,39.0,266.0,generation_agent_1,1014.0,41.0,generation_agent_0,43.0,41.0,309.0
457,,,70.0,310.0,household_agent_12,1012.0,41.0,generation_agent_0,41.0,41.0,351.0
458,,,71.0,310.0,generation_agent_1,1014.0,41.0,generation_agent_0,35.0,41.0,345.0
459,,,102.0,356.0,household_agent_12,1012.0,41.0,generation_agent_0,43.0,41.0,399.0
460,,,103.0,356.0,generation_agent_1,1014.0,41.0,generation_agent_0,37.0,41.0,393.0
461,,,134.0,405.0,household_agent_12,1012.0,41.0,generation_agent_0,48.0,41.0,453.0
462,,,135.0,405.0,generation_agent_1,1014.0,41.0,generation_agent_0,42.0,41.0,447.0
463,,,166.0,501.0,household_agent_12,1012.0,41.0,generation_agent_0,53.0,41.0,554.0
464,,,167.0,501.0,generation_agent_1,1014.0,41.0,generation_agent_0,42.0,41.0,543.0
465,,,198.0,535.0,household_agent_12,1012.0,41.0,generation_agent_0,66.0,41.0,601.0
466,,,199.0,535.0,generation_agent_1,1014.0,41.0,generation_agent_0,55.0,82.0,590.0
467,,,230.0,542.0,household_agent_12,1012.0,41.0,generation_agent_0,89.0,82.0,631.0
468,,,263.0,552.0,generation_agent_1,1014.0,41.0,generation_agent_0,63.0,41.0,615.0
469,,,294.0,635.0,household_agent_12,1012.0,41.0,generation_agent_0,44.0,41.0,679.0
470,,,295.0,635.0,generation_agent_1,1014.0,41.0,generation_agent_0,38.0,41.0,673.0
471,,,326.0,723.0,household_agent_12,1012.0,41.0,generation_agent_0,49.0,41.0,772.0
472,,,327.0,723.0,generation_agent_1,1014.0,41.0,generation_agent_0,43.0,41.0,766.0
473,,,358.0,815.0,household_agent_12,1012.0,41.0,generation_agent_0,48.0,41.0,863.0
474,,,359.0,815.0,generation_agent_1,1014.0,41.0,generation_agent_0,42.0,41.0,857.0
475,,,390.0,903.0,household_agent_12,1012.0,41.0,generation_agent_0,71.0,41.0,974.0
476,,,391.0,903.0,generation_agent_1,1014.0,41.0,generation_agent_0,65.0,41.0,968.0
477,,,422.0,927.0,household_agent_12,1012.0,41.0,generation_agent_0,75.0,41.0,1002.0
478,,,423.0,927.0,generation_agent_1,1014.0,41.0,generation_agent_0,70.0,41.0,997.0
479,,,454.0,1025.0,household_agent_12,1012.0,41.0,generation_agent_0,48.0,41.0,1073.0
480,,,455.0,1025.0,generation_agent_1,1014.0,41.0,generation_agent_0,41.0,41.0,1066.0
481,,,486.0,1082.0,household_agent_12,1012.0,41.0,generation_agent_0,64.0,41.0,1146.0
482,,,487.0,1082.0,generation_agent_1,1014.0,41.0,generation_agent_0,58.0,41.0,1140.0
483,,,518.0,1097.0,household_agent_12,1012.0,41.0,generation_agent_0,74.0,41.0,1171.0
484,,,519.0,1097.0,generation_agent_1,1014.0,41.0,generation_agent_0,68.0,41.0,1165.0
485,,,550.0,1152.0,household_agent_12,1012.0,41.0,generation_agent_0,47.0,41.0,1199.0
486,,,551.0,1152.0,generation_agent_1,1014.0,41.0,generation_agent_0,41.0,41.0,1193.0
487,,,582.0,1249.0,household_agent_12,1012.0,41.0,generation_agent_0,48.0,41.0,1297.0
488,,,583.0,1249.0,generation_agent_1,1014.0,41.0,generation_agent_0,41.0,41.0,1290.0
489,,,2.0,188.0,generation_agent_0,1013.0,41.0,generation_agent_1,65.0,41.0,253.0
490,,,3.0,188.0,generation_agent_2,1015.0,41.0,generation_agent_1,71.0,41.0,259.0
491,,,4.0,210.0,generation_agent_0,1013.0,41.0,generation_agent_1,69.0,41.0,279.0
492,,,5.0,210.0,generation_agent_2,1015.0,41.0,generation_agent_1,75.0,41.0,285.0
493,,,36.0,266.0,generation_agent_0,1013.0,41.0,generation_agent_1,41.0,41.0,307.0
494,,,37.0,266.0,generation_agent_2,1015.0,41.0,generation_agent_1,47.0,41.0,313.0
495,,,68.0,310.0,generation_agent_0,1013.0,41.0,generation_agent_1,42.0,41.0,352.0
496,,,69.0,310.0,generation_agent_2,1015.0,41.0,generation_agent_1,53.0,41.0,363.0
497,,,100.0,356.0,generation_agent_0,1013.0,41.0,generation_agent_1,42.0,41.0,398.0
498,,,101.0,356.0,generation_agent_2,1015.0,41.0,generation_agent_1,53.0,41.0,409.0
499,,,132.0,405.0,generation_agent_0,1013.0,41.0,generation_agent_1,39.0,41.0,444.0
500,,,133.0,405.0,generation_agent_2,1015.0,41.0,generation_agent_1,45.0,41.0,450.0
501,,,164.0,501.0,generation_agent_0,1013.0,41.0,generation_agent_1,42.0,41.0,543.0
502,,,165.0,501.0,generation_agent_2,1015.0,41.0,generation_agent_1,55.0,41.0,556.0
503,,,196.0,535.0,generation_agent_0,1013.0,41.0,generation_agent_1,54.0,82.0,589.0
504,,,197.0,535.0,generation_agent_2,1015.0,41.0,generation_agent_1,72.0,82.0,607.0
505,,,260.0,552.0,generation_agent_0,1013.0,41.0,generation_agent_1,60.0,41.0,612.0
506,,,261.0,552.0,generation_agent_2,1015.0,41.0,generation_agent_1,83.0,41.0,635.0
507,,,292.0,635.0,generation_agent_0,1013.0,41.0,generation_agent_1,38.0,41.0,673.0
508,,,293.0,635.0,generation_agent_2,1015.0,41.0,generation_agent_1,44.0,41.0,679.0
509,,,324.0,723.0,generation_agent_0,1013.0,41.0,generation_agent_1,41.0,41.0,764.0
510,,,325.0,723.0,generation_agent_2,1015.0,41.0,generation_agent_1,47.0,41.0,770.0
511,,,356.0,815.0,generation_agent_0,1013.0,41.0,generation_agent_1,43.0,41.0,858.0
512,,,357.0,815.0,generation_agent_2,1015.0,41.0,generation_agent_1,49.0,41.0,864.0
513,,,388.0,903.0,generation_agent_0,1013.0,41.0,generation_agent_1,67.0,41.0,970.0
514,,,389.0,903.0,generation_agent_2,1015.0,41.0,generation_agent_1,73.0,41.0,976.0
515,,,420.0,927.0,generation_agent_0,1013.0,41.0,generation_agent_1,71.0,41.0,998.0
516,,,421.0,927.0,generation_agent_2,1015.0,41.0,generation_agent_1,77.0,41.0,1004.0
517,,,452.0,1025.0,generation_agent_0,1013.0,41.0,generation_agent_1,45.0,41.0,1070.0
518,,,453.0,1025.0,generation_agent_2,1015.0,41.0,generation_agent_1,56.0,41.0,1081.0
519,,,484.0,1082.0,generation_agent_0,1013.0,41.0,generation_agent_1,59.0,41.0,1141.0
520,,,485.0,1082.0,generation_agent_2,1015.0,41.0,generation_agent_1,64.0,41.0,1146.0
521,,,516.0,1097.0,generation_agent_0,1013.0,41.0,generation_agent_1,69.0,41.0,1166.0
522,,,517.0,1097.0,generation_agent_2,1015.0,41.0,generation_agent_1,75.0,41.0,1172.0
523,,,548.0,1152.0,generation_agent_0,1013.0,41.0,generation_agent_1,42.0,41.0,1194.0
524,,,549.0,1152.0,generation_agent_2,1015.0,41.0,generation_agent_1,48.0,41.0,1200.0
525,,,580.0,1249.0,generation_agent_0,1013.0,41.0,generation_agent_1,43.0,41.0,1292.0
526,,,581.0,1249.0,generation_agent_2,1015.0,41.0,generation_agent_1,49.0,41.0,1298.0
527,,,612.0,1094.0,aggregator_agent,1019.0,41.0,generation_agent_1,41.0,41.0,1135.0
528,,,8.0,210.0,generation_agent_1,1014.0,41.0,generation_agent_2,50.0,41.0,260.0
529,,,9.0,210.0,generation_agent_3,1016.0,41.0,generation_agent_2,55.0,41.0,265.0
530,,,40.0,266.0,generation_agent_1,1014.0,41.0,generation_agent_2,51.0,41.0,317.0
531,,,41.0,266.0,generation_agent_3,1016.0,41.0,generation_agent_2,56.0,41.0,322.0
532,,,72.0,310.0,generation_agent_1,1014.0,41.0,generation_agent_2,50.0,41.0,360.0
533,,,73.0,310.0,generation_agent_3,1016.0,41.0,generation_agent_2,55.0,41.0,365.0
534,,,104.0,356.0,generation_agent_1,1014.0,41.0,generation_agent_2,45.0,41.0,401.0
535,,,105.0,356.0,generation_agent_3,1016.0,41.0,generation_agent_2,50.0,41.0,406.0
536,,,136.0,405.0,generation_agent_1,1014.0,41.0,generation_agent_2,49.0,41.0,454.0
537,,,137.0,405.0,generation_agent_3,1016.0,41.0,generation_agent_2,54.0,41.0,459.0
538,,,168.0,501.0,generation_agent_1,1014.0,41.0,generation_agent_2,50.0,41.0,551.0
539,,,169.0,501.0,generation_agent_3,1016.0,41.0,generation_agent_2,58.0,41.0,559.0
540,,,200.0,535.0,generation_agent_1,1014.0,41.0,generation_agent_2,63.0,82.0,598.0
541,,,201.0,535.0,generation_agent_3,1016.0,41.0,generation_agent_2,69.0,82.0,604.0
542,,,264.0,552.0,generation_agent_1,1014.0,41.0,generation_agent_2,74.0,41.0,626.0
543,,,265.0,552.0,generation_agent_3,1016.0,41.0,generation_agent_2,80.0,41.0,632.0
544,,,296.0,635.0,generation_agent_1,1014.0,41.0,generation_agent_2,48.0,41.0,683.0
545,,,297.0,635.0,generation_agent_3,1016.0,41.0,generation_agent_2,53.0,41.0,688.0
546,,,328.0,723.0,generation_agent_1,1014.0,41.0,generation_agent_2,51.0,41.0,774.0
547,,,329.0,723.0,generation_agent_3,1016.0,41.0,generation_agent_2,56.0,41.0,779.0
548,,,360.0,815.0,generation_agent_1,1014.0,41.0,generation_agent_2,50.0,41.0,865.0
549,,,361.0,815.0,generation_agent_3,1016.0,41.0,generation_agent_2,55.0,41.0,870.0
550,,,392.0,903.0,generation_agent_1,1014.0,41.0,generation_agent_2,67.0,41.0,970.0
551,,,393.0,903.0,generation_agent_3,1016.0,41.0,generation_agent_2,73.0,41.0,976.0
552,,,424.0,927.0,generation_agent_1,1014.0,41.0,generation_agent_2,69.0,41.0,996.0
553,,,425.0,927.0,generation_agent_3,1016.0,41.0,generation_agent_2,77.0,41.0,1004.0
554,,,456.0,1025.0,generation_agent_1,1014.0,41.0,generation_agent_2,52.0,41.0,1077.0
555,,,457.0,1025.0,generation_agent_3,1016.0,41.0,generation_agent_2,57.0,41.0,1082.0
556,,,488.0,1082.0,generation_agent_1,1014.0,41.0,generation_agent_2,60.0,41.0,1142.0
557,,,489.0,1082.0,generation_agent_3,1016.0,41.0,generation_agent_2,65.0,41.0,1147.0
558,,,520.0,1097.0,generation_agent_1,1014.0,41.0,generation_agent_2,74.0,41.0,1171.0
559,,,521.0,1097.0,generation_agent_3,1016.0,41.0,generation_agent_2,79.0,41.0,1176.0
560,,,552.0,1152.0,generation_agent_1,1014.0,41.0,generation_agent_2,45.0,41.0,1197.0
561,,,553.0,1152.0,generation_agent_3,1016.0,41.0,generation_agent_2,51.0,41.0,1203.0
562,,,584.0,1249.0,generation_agent_1,1014.0,41.0,generation_agent_2,51.0,41.0,1300.0
563,,,585.0,1249.0,generation_agent_3,1016.0,41.0,generation_agent_2,56.0,41.0,1305.0
564,,,12.0,210.0,generation_agent_2,1015.0,41.0,generation_agent_3,44.0,41.0,254.0
565,,,44.0,266.0,generation_agent_2,1015.0,41.0,generation_agent_3,50.0,41.0,316.0
566,,,76.0,310.0,generation_agent_2,1015.0,41.0,generation_agent_3,44.0,41.0,354.0
567,,,108.0,356.0,generation_agent_2,1015.0,41.0,generation_agent_3,43.0,41.0,399.0
568,,,140.0,405.0,generation_agent_2,1015.0,41.0,generation_agent_3,42.0,41.0,447.0
569,,,172.0,501.0,generation_agent_2,1015.0,41.0,generation_agent_3,56.0,41.0,557.0
570,,,204.0,535.0,generation_agent_2,1015.0,41.0,generation_agent_3,67.0,41.0,602.0
571,,,236.0,542.0,generation_agent_2,1015.0,41.0,generation_agent_3,88.0,82.0,630.0
572,,,300.0,635.0,generation_agent_2,1015.0,41.0,generation_agent_3,41.0,41.0,676.0
573,,,332.0,723.0,generation_agent_2,1015.0,41.0,generation_agent_3,45.0,41.0,768.0
574,,,364.0,815.0,generation_agent_2,1015.0,41.0,generation_agent_3,43.0,41.0,858.0
575,,,396.0,903.0,generation_agent_2,1015.0,41.0,generation_agent_3,68.0,41.0,971.0
576,,,428.0,927.0,generation_agent_2,1015.0,41.0,generation_agent_3,72.0,41.0,999.0
577,,,460.0,1025.0,generation_agent_2,1015.0,41.0,generation_agent_3,46.0,41.0,1071.0
578,,,492.0,1082.0,generation_agent_2,1015.0,41.0,generation_agent_3,65.0,41.0,1147.0
579,,,524.0,1097.0,generation_agent_2,1015.0,41.0,generation_agent_3,77.0,41.0,1174.0
580,,,556.0,1152.0,generation_agent_2,1015.0,41.0,generation_agent_3,40.0,41.0,1192.0
581,,,588.0,1249.0,generation_agent_2,1015.0,41.0,generation_agent_3,45.0,41.0,1294.0
