,Parameter,Value,msgId,timeSend_ms,receiver,receiverPort,packetSize_B_x,sender,delay_ms,packetSize_B_y,receivingTime_ms
0,Start simulation,2024-07-24 20:10:54.427346,,,,,,,,,
1,Simulation configuration ID,fcc1ca6b-e222-440a-8b52-5e38eb6ae7d7,,,,,,,,,
2,Network,SimbenchNetwork_5G_1-LV-rural1--0-no_sw,,,,,,,,,
3,Communication graph,Small World Overlay Topology with 23 agents and p = 0.5,,,,,,,,,
4,Agent communication pattern,DemandSupplyBalancing,,,,,,,,,
5,Trigger Type,EVENT_TRIGGERED,,,,,,,,,
6,Data size generator,"Increasing data size generator with lower bound = 50 B,upper bound = 200 B",,,,,,,,,
7,Frequency,0,,,,,,,,,
8,Simulation duration,30000,,,,,,,,,
9,Communication mode,COMPLEX,,,,,,,,,
10,System State,SystemState.NORMAL,,,,,,,,,
11,Organizational structure,HIERARCHICAL,,,,,,,,,
0,,,0.0,79.0,aggregator_agent,1019.0,191.0,control_center_agent,19.0,191.0,98.0
1,,,1.0,225.0,household_agent_4,1004.0,191.0,aggregator_agent,60.0,191.0,285.0
2,,,1063.0,1082.0,control_center_agent,1017.0,191.0,aggregator_agent,28.0,191.0,1110.0
3,,,37.0,184.0,household_agent_1,1001.0,191.0,household_agent_0,56.0,191.0,240.0
4,,,38.0,184.0,generation_agent_3,1016.0,191.0,household_agent_0,65.0,191.0,249.0
5,,,85.0,278.0,household_agent_1,1001.0,191.0,household_agent_0,56.0,191.0,334.0
6,,,86.0,278.0,generation_agent_3,1016.0,191.0,household_agent_0,67.0,191.0,345.0
7,,,133.0,345.0,household_agent_1,1001.0,191.0,household_agent_0,82.0,191.0,427.0
8,,,134.0,345.0,generation_agent_3,1016.0,191.0,household_agent_0,67.0,191.0,412.0
9,,,181.0,369.0,household_agent_1,1001.0,191.0,household_agent_0,90.0,382.0,459.0
10,,,182.0,369.0,generation_agent_3,1016.0,191.0,household_agent_0,64.0,191.0,433.0
11,,,230.0,375.0,generation_agent_3,1016.0,191.0,household_agent_0,94.0,191.0,469.0
12,,,277.0,466.0,household_agent_1,1001.0,191.0,household_agent_0,79.0,191.0,545.0
13,,,278.0,466.0,generation_agent_3,1016.0,191.0,household_agent_0,89.0,191.0,555.0
14,,,325.0,493.0,household_agent_1,1001.0,191.0,household_agent_0,82.0,191.0,575.0
15,,,326.0,493.0,generation_agent_3,1016.0,191.0,household_agent_0,93.0,191.0,586.0
16,,,373.0,525.0,household_agent_1,1001.0,191.0,household_agent_0,81.0,191.0,606.0
17,,,374.0,525.0,generation_agent_3,1016.0,191.0,household_agent_0,94.0,191.0,619.0
18,,,421.0,618.0,household_agent_1,1001.0,191.0,household_agent_0,51.0,191.0,669.0
19,,,422.0,618.0,generation_agent_3,1016.0,191.0,household_agent_0,62.0,191.0,680.0
20,,,469.0,655.0,household_agent_1,1001.0,191.0,household_agent_0,52.0,191.0,707.0
21,,,470.0,655.0,generation_agent_3,1016.0,191.0,household_agent_0,90.0,191.0,745.0
22,,,517.0,686.0,household_agent_1,1001.0,191.0,household_agent_0,48.0,191.0,734.0
23,,,518.0,686.0,generation_agent_3,1016.0,191.0,household_agent_0,103.0,191.0,789.0
24,,,565.0,739.0,household_agent_1,1001.0,191.0,household_agent_0,44.0,191.0,783.0
25,,,566.0,739.0,generation_agent_3,1016.0,191.0,household_agent_0,69.0,191.0,808.0
26,,,613.0,800.0,household_agent_1,1001.0,191.0,household_agent_0,71.0,191.0,871.0
27,,,614.0,800.0,generation_agent_3,1016.0,191.0,household_agent_0,77.0,191.0,877.0
28,,,661.0,824.0,household_agent_1,1001.0,191.0,household_agent_0,81.0,191.0,905.0
29,,,662.0,824.0,generation_agent_3,1016.0,191.0,household_agent_0,93.0,191.0,917.0
30,,,709.0,869.0,household_agent_1,1001.0,191.0,household_agent_0,75.0,382.0,944.0
31,,,710.0,869.0,generation_agent_3,1016.0,191.0,household_agent_0,86.0,382.0,955.0
32,,,805.0,895.0,household_agent_1,1001.0,191.0,household_agent_0,83.0,191.0,978.0
33,,,806.0,895.0,generation_agent_3,1016.0,191.0,household_agent_0,92.0,191.0,987.0
34,,,853.0,946.0,household_agent_1,1001.0,191.0,household_agent_0,74.0,191.0,1020.0
35,,,854.0,946.0,generation_agent_3,1016.0,191.0,household_agent_0,85.0,191.0,1031.0
36,,,901.0,973.0,household_agent_1,1001.0,191.0,household_agent_0,78.0,191.0,1051.0
37,,,902.0,973.0,generation_agent_3,1016.0,191.0,household_agent_0,89.0,191.0,1062.0
38,,,949.0,1047.0,household_agent_1,1001.0,191.0,household_agent_0,44.0,191.0,1091.0
39,,,950.0,1047.0,generation_agent_3,1016.0,191.0,household_agent_0,60.0,191.0,1107.0
40,,,997.0,1090.0,household_agent_1,1001.0,191.0,household_agent_0,50.0,191.0,1140.0
41,,,998.0,1090.0,generation_agent_3,1016.0,191.0,household_agent_0,67.0,191.0,1157.0
42,,,1045.0,1181.0,household_agent_1,1001.0,191.0,household_agent_0,54.0,191.0,1235.0
43,,,1046.0,1181.0,generation_agent_3,1016.0,191.0,household_agent_0,62.0,191.0,1243.0
44,,,23.0,184.0,household_agent_0,1000.0,191.0,household_agent_1,49.0,191.0,233.0
45,,,24.0,184.0,household_agent_2,1002.0,191.0,household_agent_1,60.0,191.0,244.0
46,,,25.0,184.0,household_agent_9,1009.0,191.0,household_agent_1,65.0,191.0,249.0
47,,,71.0,278.0,household_agent_0,1000.0,191.0,household_agent_1,47.0,191.0,325.0
48,,,72.0,278.0,household_agent_2,1002.0,191.0,household_agent_1,58.0,191.0,336.0
49,,,73.0,278.0,household_agent_9,1009.0,191.0,household_agent_1,64.0,191.0,342.0
50,,,119.0,345.0,household_agent_0,1000.0,191.0,household_agent_1,71.0,191.0,416.0
51,,,120.0,345.0,household_agent_2,1002.0,191.0,household_agent_1,93.0,191.0,438.0
52,,,121.0,345.0,household_agent_9,1009.0,191.0,household_agent_1,105.0,191.0,450.0
53,,,167.0,369.0,household_agent_0,1000.0,191.0,household_agent_1,58.0,191.0,427.0
54,,,168.0,369.0,household_agent_2,1002.0,191.0,household_agent_1,69.0,191.0,438.0
55,,,169.0,369.0,household_agent_9,1009.0,191.0,household_agent_1,91.0,191.0,460.0
56,,,215.0,375.0,household_agent_0,1000.0,191.0,household_agent_1,74.0,191.0,449.0
57,,,216.0,375.0,household_agent_2,1002.0,191.0,household_agent_1,102.0,191.0,477.0
58,,,217.0,375.0,household_agent_9,1009.0,191.0,household_agent_1,124.0,191.0,499.0
59,,,263.0,466.0,household_agent_0,1000.0,191.0,household_agent_1,45.0,191.0,511.0
60,,,264.0,466.0,household_agent_2,1002.0,191.0,household_agent_1,77.0,191.0,543.0
61,,,265.0,466.0,household_agent_9,1009.0,191.0,household_agent_1,93.0,191.0,559.0
62,,,311.0,493.0,household_agent_0,1000.0,191.0,household_agent_1,85.0,191.0,578.0
63,,,312.0,493.0,household_agent_2,1002.0,191.0,household_agent_1,96.0,191.0,589.0
64,,,313.0,493.0,household_agent_9,1009.0,191.0,household_agent_1,107.0,191.0,600.0
65,,,359.0,525.0,household_agent_0,1000.0,191.0,household_agent_1,86.0,191.0,611.0
66,,,360.0,525.0,household_agent_2,1002.0,191.0,household_agent_1,64.0,191.0,589.0
67,,,361.0,525.0,household_agent_9,1009.0,191.0,household_agent_1,109.0,191.0,634.0
68,,,407.0,618.0,household_agent_0,1000.0,191.0,household_agent_1,56.0,191.0,674.0
69,,,408.0,618.0,household_agent_2,1002.0,191.0,household_agent_1,41.0,191.0,659.0
70,,,409.0,618.0,household_agent_9,1009.0,191.0,household_agent_1,66.0,191.0,684.0
71,,,455.0,655.0,household_agent_0,1000.0,191.0,household_agent_1,74.0,191.0,729.0
72,,,456.0,655.0,household_agent_2,1002.0,191.0,household_agent_1,49.0,191.0,704.0
73,,,457.0,655.0,household_agent_9,1009.0,191.0,household_agent_1,91.0,191.0,746.0
74,,,503.0,686.0,household_agent_0,1000.0,191.0,household_agent_1,72.0,191.0,758.0
75,,,504.0,686.0,household_agent_2,1002.0,191.0,household_agent_1,49.0,191.0,735.0
76,,,505.0,686.0,household_agent_9,1009.0,191.0,household_agent_1,104.0,191.0,790.0
77,,,551.0,739.0,household_agent_0,1000.0,191.0,household_agent_1,46.0,191.0,785.0
78,,,552.0,739.0,household_agent_2,1002.0,191.0,household_agent_1,62.0,191.0,801.0
79,,,553.0,739.0,household_agent_9,1009.0,191.0,household_agent_1,68.0,191.0,807.0
80,,,599.0,800.0,household_agent_0,1000.0,191.0,household_agent_1,40.0,191.0,840.0
81,,,600.0,800.0,household_agent_2,1002.0,191.0,household_agent_1,85.0,191.0,885.0
82,,,601.0,800.0,household_agent_9,1009.0,191.0,household_agent_1,97.0,191.0,897.0
83,,,647.0,824.0,household_agent_0,1000.0,191.0,household_agent_1,50.0,191.0,874.0
84,,,648.0,824.0,household_agent_2,1002.0,191.0,household_agent_1,94.0,191.0,918.0
85,,,649.0,824.0,household_agent_9,1009.0,191.0,household_agent_1,138.0,191.0,962.0
86,,,695.0,869.0,household_agent_0,1000.0,191.0,household_agent_1,61.0,191.0,930.0
87,,,696.0,869.0,household_agent_2,1002.0,191.0,household_agent_1,82.0,191.0,951.0
88,,,697.0,869.0,household_agent_9,1009.0,191.0,household_agent_1,93.0,191.0,962.0
89,,,743.0,890.0,household_agent_0,1000.0,191.0,household_agent_1,50.0,191.0,940.0
90,,,744.0,890.0,household_agent_2,1002.0,191.0,household_agent_1,113.0,382.0,1003.0
91,,,745.0,890.0,household_agent_9,1009.0,191.0,household_agent_1,129.0,382.0,1019.0
92,,,791.0,895.0,household_agent_0,1000.0,191.0,household_agent_1,80.0,191.0,975.0
93,,,839.0,946.0,household_agent_0,1000.0,191.0,household_agent_1,68.0,191.0,1014.0
94,,,840.0,946.0,household_agent_2,1002.0,191.0,household_agent_1,79.0,191.0,1025.0
95,,,841.0,946.0,household_agent_9,1009.0,191.0,household_agent_1,102.0,191.0,1048.0
96,,,887.0,973.0,household_agent_0,1000.0,191.0,household_agent_1,69.0,191.0,1042.0
97,,,888.0,973.0,household_agent_2,1002.0,191.0,household_agent_1,93.0,191.0,1066.0
98,,,889.0,973.0,household_agent_9,1009.0,191.0,household_agent_1,109.0,191.0,1082.0
99,,,935.0,1047.0,household_agent_0,1000.0,191.0,household_agent_1,48.0,191.0,1095.0
100,,,936.0,1047.0,household_agent_2,1002.0,191.0,household_agent_1,94.0,191.0,1141.0
101,,,937.0,1047.0,household_agent_9,1009.0,191.0,household_agent_1,100.0,191.0,1147.0
102,,,983.0,1090.0,household_agent_0,1000.0,191.0,household_agent_1,46.0,191.0,1136.0
103,,,984.0,1090.0,household_agent_2,1002.0,191.0,household_agent_1,84.0,191.0,1174.0
104,,,985.0,1090.0,household_agent_9,1009.0,191.0,household_agent_1,95.0,191.0,1185.0
105,,,1031.0,1181.0,household_agent_0,1000.0,191.0,household_agent_1,56.0,191.0,1237.0
106,,,1032.0,1181.0,household_agent_2,1002.0,191.0,household_agent_1,61.0,191.0,1242.0
107,,,1033.0,1181.0,household_agent_9,1009.0,191.0,household_agent_1,72.0,191.0,1253.0
108,,,10.0,184.0,household_agent_1,1001.0,191.0,household_agent_2,66.0,191.0,250.0
109,,,11.0,184.0,household_agent_3,1003.0,191.0,household_agent_2,72.0,191.0,256.0
110,,,12.0,184.0,household_agent_4,1004.0,191.0,household_agent_2,50.0,191.0,234.0
111,,,58.0,278.0,household_agent_1,1001.0,191.0,household_agent_2,64.0,191.0,342.0
112,,,59.0,278.0,household_agent_3,1003.0,191.0,household_agent_2,69.0,191.0,347.0
113,,,60.0,278.0,household_agent_4,1004.0,191.0,household_agent_2,47.0,191.0,325.0
114,,,106.0,345.0,household_agent_1,1001.0,191.0,household_agent_2,112.0,191.0,457.0
115,,,107.0,345.0,household_agent_3,1003.0,191.0,household_agent_2,87.0,191.0,432.0
116,,,108.0,345.0,household_agent_4,1004.0,191.0,household_agent_2,66.0,191.0,411.0
117,,,154.0,369.0,household_agent_1,1001.0,191.0,household_agent_2,128.0,382.0,497.0
118,,,155.0,369.0,household_agent_3,1003.0,191.0,household_agent_2,63.0,191.0,432.0
119,,,156.0,369.0,household_agent_4,1004.0,191.0,household_agent_2,52.0,191.0,421.0
120,,,203.0,375.0,household_agent_3,1003.0,191.0,household_agent_2,98.0,191.0,473.0
121,,,204.0,375.0,household_agent_4,1004.0,191.0,household_agent_2,76.0,191.0,451.0
122,,,250.0,466.0,household_agent_1,1001.0,191.0,household_agent_2,81.0,191.0,547.0
123,,,251.0,466.0,household_agent_3,1003.0,191.0,household_agent_2,124.0,191.0,590.0
124,,,252.0,466.0,household_agent_4,1004.0,191.0,household_agent_2,70.0,191.0,536.0
125,,,298.0,493.0,household_agent_1,1001.0,191.0,household_agent_2,97.0,191.0,590.0
126,,,299.0,493.0,household_agent_3,1003.0,191.0,household_agent_2,113.0,191.0,606.0
127,,,300.0,493.0,household_agent_4,1004.0,191.0,household_agent_2,75.0,191.0,568.0
128,,,346.0,525.0,household_agent_1,1001.0,191.0,household_agent_2,65.0,191.0,590.0
129,,,347.0,525.0,household_agent_3,1003.0,191.0,household_agent_2,113.0,191.0,638.0
130,,,348.0,525.0,household_agent_4,1004.0,191.0,household_agent_2,54.0,191.0,579.0
131,,,394.0,618.0,household_agent_1,1001.0,191.0,household_agent_2,54.0,191.0,672.0
132,,,395.0,618.0,household_agent_3,1003.0,191.0,household_agent_2,65.0,191.0,683.0
133,,,396.0,618.0,household_agent_4,1004.0,191.0,household_agent_2,44.0,191.0,662.0
134,,,442.0,655.0,household_agent_1,1001.0,191.0,household_agent_2,51.0,191.0,706.0
135,,,443.0,655.0,household_agent_3,1003.0,191.0,household_agent_2,104.0,191.0,759.0
136,,,444.0,655.0,household_agent_4,1004.0,191.0,household_agent_2,39.0,191.0,694.0
137,,,490.0,686.0,household_agent_1,1001.0,191.0,household_agent_2,62.0,191.0,748.0
138,,,491.0,686.0,household_agent_3,1003.0,191.0,household_agent_2,114.0,191.0,800.0
139,,,492.0,686.0,household_agent_4,1004.0,191.0,household_agent_2,41.0,191.0,727.0
140,,,538.0,739.0,household_agent_1,1001.0,191.0,household_agent_2,50.0,191.0,789.0
141,,,539.0,739.0,household_agent_3,1003.0,191.0,household_agent_2,91.0,191.0,830.0
142,,,540.0,739.0,household_agent_4,1004.0,191.0,household_agent_2,39.0,191.0,778.0
143,,,586.0,800.0,household_agent_1,1001.0,191.0,household_agent_2,86.0,191.0,886.0
144,,,587.0,800.0,household_agent_3,1003.0,191.0,household_agent_2,97.0,191.0,897.0
145,,,588.0,800.0,household_agent_4,1004.0,191.0,household_agent_2,45.0,191.0,845.0
146,,,634.0,824.0,household_agent_1,1001.0,191.0,household_agent_2,101.0,191.0,925.0
147,,,635.0,824.0,household_agent_3,1003.0,191.0,household_agent_2,123.0,191.0,947.0
148,,,636.0,824.0,household_agent_4,1004.0,191.0,household_agent_2,51.0,191.0,875.0
149,,,682.0,869.0,household_agent_1,1001.0,191.0,household_agent_2,105.0,382.0,974.0
150,,,683.0,869.0,household_agent_3,1003.0,191.0,household_agent_2,160.0,382.0,1029.0
151,,,684.0,869.0,household_agent_4,1004.0,191.0,household_agent_2,72.0,382.0,941.0
152,,,778.0,895.0,household_agent_1,1001.0,191.0,household_agent_2,115.0,191.0,1010.0
153,,,779.0,895.0,household_agent_3,1003.0,191.0,household_agent_2,179.0,191.0,1074.0
154,,,780.0,895.0,household_agent_4,1004.0,191.0,household_agent_2,74.0,191.0,969.0
155,,,826.0,946.0,household_agent_1,1001.0,191.0,household_agent_2,78.0,191.0,1024.0
156,,,827.0,946.0,household_agent_3,1003.0,191.0,household_agent_2,174.0,382.0,1120.0
157,,,828.0,946.0,household_agent_4,1004.0,191.0,household_agent_2,67.0,191.0,1013.0
158,,,874.0,973.0,household_agent_1,1001.0,191.0,household_agent_2,90.0,191.0,1063.0
159,,,876.0,973.0,household_agent_4,1004.0,191.0,household_agent_2,67.0,191.0,1040.0
160,,,922.0,1047.0,household_agent_1,1001.0,191.0,household_agent_2,51.0,191.0,1098.0
161,,,923.0,1047.0,household_agent_3,1003.0,191.0,household_agent_2,107.0,191.0,1154.0
162,,,924.0,1047.0,household_agent_4,1004.0,191.0,household_agent_2,38.0,191.0,1085.0
163,,,970.0,1090.0,household_agent_1,1001.0,191.0,household_agent_2,53.0,191.0,1143.0
164,,,971.0,1090.0,household_agent_3,1003.0,191.0,household_agent_2,98.0,191.0,1188.0
165,,,972.0,1090.0,household_agent_4,1004.0,191.0,household_agent_2,42.0,191.0,1132.0
166,,,1018.0,1181.0,household_agent_1,1001.0,191.0,household_agent_2,57.0,191.0,1238.0
167,,,1019.0,1181.0,household_agent_3,1003.0,191.0,household_agent_2,68.0,191.0,1249.0
168,,,1020.0,1181.0,household_agent_4,1004.0,191.0,household_agent_2,46.0,191.0,1227.0
169,,,13.0,184.0,household_agent_2,1002.0,191.0,household_agent_3,57.0,191.0,241.0
170,,,14.0,184.0,household_agent_4,1004.0,191.0,household_agent_3,46.0,191.0,230.0
171,,,15.0,184.0,household_agent_12,1012.0,191.0,household_agent_3,68.0,191.0,252.0
172,,,61.0,278.0,household_agent_2,1002.0,191.0,household_agent_3,61.0,191.0,339.0
173,,,62.0,278.0,household_agent_4,1004.0,191.0,household_agent_3,46.0,191.0,324.0
174,,,63.0,278.0,household_agent_12,1012.0,191.0,household_agent_3,68.0,191.0,346.0
175,,,109.0,345.0,household_agent_2,1002.0,191.0,household_agent_3,46.0,191.0,391.0
176,,,110.0,345.0,household_agent_4,1004.0,191.0,household_agent_3,65.0,191.0,410.0
177,,,111.0,345.0,household_agent_12,1012.0,191.0,household_agent_3,87.0,191.0,432.0
178,,,157.0,369.0,household_agent_2,1002.0,191.0,household_agent_3,57.0,191.0,426.0
179,,,158.0,369.0,household_agent_4,1004.0,191.0,household_agent_3,77.0,191.0,446.0
180,,,159.0,369.0,household_agent_12,1012.0,191.0,household_agent_3,88.0,191.0,457.0
181,,,205.0,375.0,household_agent_2,1002.0,191.0,household_agent_3,113.0,191.0,488.0
182,,,206.0,375.0,household_agent_4,1004.0,191.0,household_agent_3,102.0,191.0,477.0
183,,,207.0,375.0,household_agent_12,1012.0,191.0,household_agent_3,135.0,191.0,510.0
184,,,253.0,466.0,household_agent_2,1002.0,191.0,household_agent_3,72.0,191.0,538.0
185,,,254.0,466.0,household_agent_4,1004.0,191.0,household_agent_3,33.0,191.0,499.0
186,,,255.0,466.0,household_agent_12,1012.0,191.0,household_agent_3,83.0,191.0,549.0
187,,,301.0,493.0,household_agent_2,1002.0,191.0,household_agent_3,119.0,191.0,612.0
188,,,302.0,493.0,household_agent_4,1004.0,191.0,household_agent_3,74.0,191.0,567.0
189,,,303.0,493.0,household_agent_12,1012.0,191.0,household_agent_3,89.0,191.0,582.0
190,,,349.0,525.0,household_agent_2,1002.0,191.0,household_agent_3,87.0,191.0,612.0
191,,,350.0,525.0,household_agent_4,1004.0,191.0,household_agent_3,76.0,191.0,601.0
192,,,351.0,525.0,household_agent_12,1012.0,191.0,household_agent_3,57.0,191.0,582.0
193,,,397.0,618.0,household_agent_2,1002.0,191.0,household_agent_3,51.0,191.0,669.0
194,,,398.0,618.0,household_agent_4,1004.0,191.0,household_agent_3,40.0,191.0,658.0
195,,,399.0,618.0,household_agent_12,1012.0,191.0,household_agent_3,62.0,191.0,680.0
196,,,445.0,655.0,household_agent_2,1002.0,191.0,household_agent_3,92.0,191.0,747.0
197,,,446.0,655.0,household_agent_4,1004.0,191.0,household_agent_3,48.0,191.0,703.0
198,,,447.0,655.0,household_agent_12,1012.0,191.0,household_agent_3,103.0,191.0,758.0
199,,,493.0,686.0,household_agent_2,1002.0,191.0,household_agent_3,109.0,191.0,795.0
200,,,494.0,686.0,household_agent_4,1004.0,191.0,household_agent_3,50.0,191.0,736.0
201,,,495.0,686.0,household_agent_12,1012.0,191.0,household_agent_3,128.0,191.0,814.0
202,,,541.0,739.0,household_agent_2,1002.0,191.0,household_agent_3,63.0,191.0,802.0
203,,,542.0,739.0,household_agent_4,1004.0,191.0,household_agent_3,45.0,191.0,784.0
204,,,543.0,739.0,household_agent_12,1012.0,191.0,household_agent_3,79.0,191.0,818.0
205,,,589.0,800.0,household_agent_2,1002.0,191.0,household_agent_3,79.0,191.0,879.0
206,,,590.0,800.0,household_agent_4,1004.0,191.0,household_agent_3,68.0,191.0,868.0
207,,,591.0,800.0,household_agent_12,1012.0,191.0,household_agent_3,90.0,191.0,890.0
208,,,637.0,824.0,household_agent_2,1002.0,191.0,household_agent_3,99.0,191.0,923.0
209,,,638.0,824.0,household_agent_4,1004.0,191.0,household_agent_3,77.0,191.0,901.0
210,,,639.0,824.0,household_agent_12,1012.0,191.0,household_agent_3,110.0,191.0,934.0
211,,,685.0,869.0,household_agent_2,1002.0,191.0,household_agent_3,76.0,191.0,945.0
212,,,686.0,869.0,household_agent_4,1004.0,191.0,household_agent_3,93.0,191.0,962.0
213,,,687.0,869.0,household_agent_12,1012.0,191.0,household_agent_3,104.0,382.0,973.0
214,,,733.0,890.0,household_agent_2,1002.0,191.0,household_agent_3,170.0,382.0,1060.0
215,,,734.0,890.0,household_agent_4,1004.0,191.0,household_agent_3,122.0,382.0,1012.0
216,,,783.0,895.0,household_agent_12,1012.0,191.0,household_agent_3,133.0,191.0,1028.0
217,,,829.0,946.0,household_agent_2,1002.0,191.0,household_agent_3,126.0,191.0,1072.0
218,,,830.0,946.0,household_agent_4,1004.0,191.0,household_agent_3,77.0,191.0,1023.0
219,,,831.0,946.0,household_agent_12,1012.0,191.0,household_agent_3,88.0,191.0,1034.0
220,,,877.0,973.0,household_agent_2,1002.0,191.0,household_agent_3,155.0,191.0,1128.0
221,,,878.0,973.0,household_agent_4,1004.0,191.0,household_agent_3,76.0,191.0,1049.0
222,,,879.0,973.0,household_agent_12,1012.0,191.0,household_agent_3,109.0,191.0,1082.0
223,,,925.0,1047.0,household_agent_2,1002.0,191.0,household_agent_3,103.0,191.0,1150.0
224,,,926.0,1047.0,household_agent_4,1004.0,191.0,household_agent_3,47.0,191.0,1094.0
225,,,927.0,1047.0,household_agent_12,1012.0,191.0,household_agent_3,114.0,191.0,1161.0
226,,,973.0,1090.0,household_agent_2,1002.0,191.0,household_agent_3,94.0,191.0,1184.0
227,,,974.0,1090.0,household_agent_4,1004.0,191.0,household_agent_3,49.0,191.0,1139.0
228,,,975.0,1090.0,household_agent_12,1012.0,191.0,household_agent_3,105.0,191.0,1195.0
229,,,1021.0,1181.0,household_agent_2,1002.0,191.0,household_agent_3,51.0,191.0,1232.0
230,,,1022.0,1181.0,household_agent_4,1004.0,191.0,household_agent_3,62.0,191.0,1243.0
231,,,1023.0,1181.0,household_agent_12,1012.0,191.0,household_agent_3,73.0,191.0,1254.0
232,,,2.0,152.0,household_agent_2,1002.0,191.0,household_agent_4,52.0,191.0,204.0
233,,,3.0,152.0,household_agent_3,1003.0,191.0,household_agent_4,58.0,191.0,210.0
234,,,4.0,152.0,household_agent_5,1005.0,191.0,household_agent_4,69.0,191.0,221.0
235,,,5.0,152.0,household_agent_8,1008.0,191.0,household_agent_4,113.0,191.0,265.0
236,,,6.0,184.0,household_agent_2,1002.0,191.0,household_agent_4,49.0,191.0,233.0
237,,,7.0,184.0,household_agent_3,1003.0,191.0,household_agent_4,60.0,191.0,244.0
238,,,8.0,184.0,household_agent_5,1005.0,191.0,household_agent_4,70.0,191.0,254.0
239,,,9.0,184.0,household_agent_8,1008.0,191.0,household_agent_4,117.0,191.0,301.0
240,,,54.0,278.0,household_agent_2,1002.0,191.0,household_agent_4,46.0,191.0,324.0
241,,,55.0,278.0,household_agent_3,1003.0,191.0,household_agent_4,62.0,191.0,340.0
242,,,56.0,278.0,household_agent_5,1005.0,191.0,household_agent_4,68.0,191.0,346.0
243,,,57.0,278.0,household_agent_8,1008.0,191.0,household_agent_4,84.0,191.0,362.0
244,,,102.0,345.0,household_agent_2,1002.0,191.0,household_agent_4,66.0,191.0,411.0
245,,,103.0,345.0,household_agent_3,1003.0,191.0,household_agent_4,88.0,191.0,433.0
246,,,104.0,345.0,household_agent_5,1005.0,191.0,household_agent_4,98.0,191.0,443.0
247,,,105.0,345.0,household_agent_8,1008.0,191.0,household_agent_4,148.0,191.0,493.0
248,,,150.0,369.0,household_agent_2,1002.0,191.0,household_agent_4,52.0,191.0,421.0
249,,,151.0,369.0,household_agent_3,1003.0,191.0,household_agent_4,64.0,191.0,433.0
250,,,152.0,369.0,household_agent_5,1005.0,191.0,household_agent_4,79.0,191.0,448.0
251,,,153.0,369.0,household_agent_8,1008.0,191.0,household_agent_4,173.0,382.0,542.0
252,,,198.0,375.0,household_agent_2,1002.0,191.0,household_agent_4,68.0,191.0,443.0
253,,,199.0,375.0,household_agent_3,1003.0,191.0,household_agent_4,96.0,191.0,471.0
254,,,200.0,375.0,household_agent_5,1005.0,191.0,household_agent_4,107.0,191.0,482.0
255,,,246.0,466.0,household_agent_2,1002.0,191.0,household_agent_4,43.0,191.0,509.0
256,,,247.0,466.0,household_agent_3,1003.0,191.0,household_agent_4,54.0,191.0,520.0
257,,,248.0,466.0,household_agent_5,1005.0,191.0,household_agent_4,93.0,191.0,559.0
258,,,249.0,466.0,household_agent_8,1008.0,191.0,household_agent_4,175.0,191.0,641.0
259,,,294.0,493.0,household_agent_2,1002.0,191.0,household_agent_4,77.0,191.0,570.0
260,,,295.0,493.0,household_agent_3,1003.0,191.0,household_agent_4,88.0,191.0,581.0
261,,,296.0,493.0,household_agent_5,1005.0,191.0,household_agent_4,99.0,191.0,592.0
262,,,297.0,493.0,household_agent_8,1008.0,191.0,household_agent_4,153.0,191.0,646.0
263,,,342.0,525.0,household_agent_2,1002.0,191.0,household_agent_4,78.0,191.0,603.0
264,,,343.0,525.0,household_agent_3,1003.0,191.0,household_agent_4,89.0,191.0,614.0
265,,,344.0,525.0,household_agent_5,1005.0,191.0,household_agent_4,100.0,191.0,625.0
266,,,345.0,525.0,household_agent_8,1008.0,191.0,household_agent_4,186.0,191.0,711.0
267,,,390.0,618.0,household_agent_2,1002.0,191.0,household_agent_4,44.0,191.0,662.0
268,,,391.0,618.0,household_agent_3,1003.0,191.0,household_agent_4,55.0,191.0,673.0
269,,,392.0,618.0,household_agent_5,1005.0,191.0,household_agent_4,66.0,191.0,684.0
270,,,393.0,618.0,household_agent_8,1008.0,191.0,household_agent_4,188.0,191.0,806.0
271,,,438.0,655.0,household_agent_2,1002.0,191.0,household_agent_4,40.0,191.0,695.0
272,,,439.0,655.0,household_agent_3,1003.0,191.0,household_agent_4,84.0,191.0,739.0
273,,,440.0,655.0,household_agent_5,1005.0,191.0,household_agent_4,100.0,191.0,755.0
274,,,441.0,655.0,household_agent_8,1008.0,191.0,household_agent_4,166.0,191.0,821.0
275,,,486.0,686.0,household_agent_2,1002.0,191.0,household_agent_4,42.0,191.0,728.0
276,,,487.0,686.0,household_agent_3,1003.0,191.0,household_agent_4,86.0,191.0,772.0
277,,,488.0,686.0,household_agent_5,1005.0,191.0,household_agent_4,119.0,191.0,805.0
278,,,489.0,686.0,household_agent_8,1008.0,191.0,household_agent_4,168.0,191.0,854.0
279,,,534.0,739.0,household_agent_2,1002.0,191.0,household_agent_4,44.0,191.0,783.0
280,,,535.0,739.0,household_agent_3,1003.0,191.0,household_agent_4,55.0,191.0,794.0
281,,,536.0,739.0,household_agent_5,1005.0,191.0,household_agent_4,66.0,191.0,805.0
282,,,537.0,739.0,household_agent_8,1008.0,191.0,household_agent_4,313.0,382.0,1052.0
283,,,582.0,800.0,household_agent_2,1002.0,191.0,household_agent_4,65.0,191.0,865.0
284,,,583.0,800.0,household_agent_3,1003.0,191.0,household_agent_4,70.0,191.0,870.0
285,,,584.0,800.0,household_agent_5,1005.0,191.0,household_agent_4,77.0,191.0,877.0
286,,,630.0,824.0,household_agent_2,1002.0,191.0,household_agent_4,74.0,191.0,898.0
287,,,631.0,824.0,household_agent_3,1003.0,191.0,household_agent_4,87.0,191.0,911.0
288,,,632.0,824.0,household_agent_5,1005.0,191.0,household_agent_4,140.0,191.0,964.0
289,,,633.0,824.0,household_agent_8,1008.0,191.0,household_agent_4,294.0,191.0,1118.0
290,,,678.0,869.0,household_agent_2,1002.0,191.0,household_agent_4,63.0,191.0,932.0
291,,,679.0,869.0,household_agent_3,1003.0,191.0,household_agent_4,84.0,191.0,953.0
292,,,680.0,869.0,household_agent_5,1005.0,191.0,household_agent_4,139.0,191.0,1008.0
293,,,681.0,869.0,household_agent_8,1008.0,191.0,household_agent_4,298.0,536.0,1167.0
294,,,726.0,890.0,household_agent_2,1002.0,191.0,household_agent_4,53.0,191.0,943.0
295,,,727.0,890.0,household_agent_3,1003.0,191.0,household_agent_4,110.0,382.0,1000.0
296,,,728.0,890.0,household_agent_5,1005.0,191.0,household_agent_4,152.0,536.0,1042.0
297,,,774.0,895.0,household_agent_2,1002.0,191.0,household_agent_4,80.0,191.0,975.0
298,,,777.0,895.0,household_agent_8,1008.0,191.0,household_agent_4,315.0,419.0,1210.0
299,,,822.0,946.0,household_agent_2,1002.0,191.0,household_agent_4,42.0,191.0,988.0
300,,,823.0,946.0,household_agent_3,1003.0,191.0,household_agent_4,84.0,191.0,1030.0
301,,,824.0,946.0,household_agent_5,1005.0,191.0,household_agent_4,128.0,228.0,1074.0
302,,,870.0,973.0,household_agent_2,1002.0,191.0,household_agent_4,46.0,191.0,1019.0
303,,,871.0,973.0,household_agent_3,1003.0,191.0,household_agent_4,90.0,191.0,1063.0
304,,,918.0,1047.0,household_agent_2,1002.0,191.0,household_agent_4,38.0,191.0,1085.0
305,,,919.0,1047.0,household_agent_3,1003.0,191.0,household_agent_4,54.0,191.0,1101.0
306,,,920.0,1047.0,household_agent_5,1005.0,191.0,household_agent_4,60.0,191.0,1107.0
307,,,921.0,1047.0,household_agent_8,1008.0,191.0,household_agent_4,120.0,191.0,1167.0
308,,,966.0,1090.0,household_agent_2,1002.0,191.0,household_agent_4,44.0,191.0,1134.0
309,,,967.0,1090.0,household_agent_3,1003.0,191.0,household_agent_4,60.0,191.0,1150.0
310,,,968.0,1090.0,household_agent_5,1005.0,191.0,household_agent_4,66.0,191.0,1156.0
311,,,969.0,1090.0,household_agent_8,1008.0,191.0,household_agent_4,120.0,191.0,1210.0
312,,,1014.0,1181.0,household_agent_2,1002.0,191.0,household_agent_4,37.0,191.0,1218.0
313,,,1015.0,1181.0,household_agent_3,1003.0,191.0,household_agent_4,48.0,191.0,1229.0
314,,,1016.0,1181.0,household_agent_5,1005.0,191.0,household_agent_4,59.0,191.0,1240.0
315,,,1017.0,1181.0,household_agent_8,1008.0,191.0,household_agent_4,70.0,191.0,1251.0
316,,,1062.0,1051.0,aggregator_agent,1019.0,191.0,household_agent_4,127.0,191.0,1178.0
317,,,16.0,184.0,household_agent_4,1004.0,191.0,household_agent_5,62.0,191.0,246.0
318,,,17.0,184.0,household_agent_6,1006.0,191.0,household_agent_5,66.0,191.0,250.0
319,,,18.0,184.0,household_agent_8,1008.0,191.0,household_agent_5,72.0,191.0,256.0
320,,,64.0,278.0,household_agent_4,1004.0,191.0,household_agent_5,50.0,191.0,328.0
321,,,65.0,278.0,household_agent_6,1006.0,191.0,household_agent_5,61.0,191.0,339.0
322,,,66.0,278.0,household_agent_8,1008.0,191.0,household_agent_5,72.0,191.0,350.0
323,,,112.0,345.0,household_agent_4,1004.0,191.0,household_agent_5,72.0,191.0,417.0
324,,,113.0,345.0,household_agent_6,1006.0,191.0,household_agent_5,83.0,191.0,428.0
325,,,114.0,345.0,household_agent_8,1008.0,191.0,household_agent_5,105.0,382.0,450.0
326,,,160.0,369.0,household_agent_4,1004.0,191.0,household_agent_5,81.0,191.0,450.0
327,,,161.0,369.0,household_agent_6,1006.0,191.0,household_agent_5,59.0,191.0,428.0
328,,,208.0,375.0,household_agent_4,1004.0,191.0,household_agent_5,106.0,191.0,481.0
329,,,209.0,375.0,household_agent_6,1006.0,191.0,household_agent_5,91.0,191.0,466.0
330,,,210.0,375.0,household_agent_8,1008.0,191.0,household_agent_5,115.0,191.0,490.0
331,,,256.0,466.0,household_agent_4,1004.0,191.0,household_agent_5,75.0,191.0,541.0
332,,,257.0,466.0,household_agent_6,1006.0,191.0,household_agent_5,81.0,191.0,547.0
333,,,258.0,466.0,household_agent_8,1008.0,191.0,household_agent_5,102.0,191.0,568.0
334,,,304.0,493.0,household_agent_4,1004.0,191.0,household_agent_5,70.0,191.0,563.0
335,,,305.0,493.0,household_agent_6,1006.0,191.0,household_agent_5,86.0,191.0,579.0
336,,,306.0,493.0,household_agent_8,1008.0,191.0,household_agent_5,103.0,191.0,596.0
337,,,352.0,525.0,household_agent_4,1004.0,191.0,household_agent_5,98.0,191.0,623.0
338,,,353.0,525.0,household_agent_6,1006.0,191.0,household_agent_5,60.0,191.0,585.0
339,,,354.0,525.0,household_agent_8,1008.0,191.0,household_agent_5,110.0,191.0,635.0
340,,,400.0,618.0,household_agent_4,1004.0,191.0,household_agent_5,43.0,191.0,661.0
341,,,401.0,618.0,household_agent_6,1006.0,191.0,household_agent_5,54.0,191.0,672.0
342,,,402.0,618.0,household_agent_8,1008.0,191.0,household_agent_5,70.0,191.0,688.0
343,,,448.0,655.0,household_agent_4,1004.0,191.0,household_agent_5,51.0,191.0,706.0
344,,,449.0,655.0,household_agent_6,1006.0,191.0,household_agent_5,61.0,191.0,716.0
345,,,450.0,655.0,household_agent_8,1008.0,191.0,household_agent_5,106.0,191.0,761.0
346,,,496.0,686.0,household_agent_4,1004.0,191.0,household_agent_5,46.0,191.0,732.0
347,,,497.0,686.0,household_agent_6,1006.0,191.0,household_agent_5,69.0,191.0,755.0
348,,,498.0,686.0,household_agent_8,1008.0,191.0,household_agent_5,119.0,191.0,805.0
349,,,544.0,739.0,household_agent_4,1004.0,191.0,household_agent_5,44.0,191.0,783.0
350,,,545.0,739.0,household_agent_6,1006.0,191.0,household_agent_5,56.0,191.0,795.0
351,,,546.0,739.0,household_agent_8,1008.0,191.0,household_agent_5,66.0,191.0,805.0
352,,,592.0,800.0,household_agent_4,1004.0,191.0,household_agent_5,65.0,191.0,865.0
353,,,593.0,800.0,household_agent_6,1006.0,191.0,household_agent_5,77.0,191.0,877.0
354,,,594.0,800.0,household_agent_8,1008.0,191.0,household_agent_5,98.0,191.0,898.0
355,,,640.0,824.0,household_agent_4,1004.0,191.0,household_agent_5,63.0,191.0,887.0
356,,,641.0,824.0,household_agent_6,1006.0,191.0,household_agent_5,87.0,191.0,911.0
357,,,642.0,824.0,household_agent_8,1008.0,191.0,household_agent_5,123.0,191.0,947.0
358,,,688.0,869.0,household_agent_4,1004.0,191.0,household_agent_5,155.0,536.0,1024.0
359,,,689.0,869.0,household_agent_6,1006.0,191.0,household_agent_5,63.0,191.0,932.0
360,,,690.0,869.0,household_agent_8,1008.0,191.0,household_agent_5,84.0,382.0,953.0
361,,,737.0,890.0,household_agent_6,1006.0,191.0,household_agent_5,53.0,191.0,943.0
362,,,784.0,895.0,household_agent_4,1004.0,191.0,household_agent_5,150.0,37.0,1045.0
363,,,785.0,895.0,household_agent_6,1006.0,191.0,household_agent_5,93.0,191.0,988.0
364,,,786.0,895.0,household_agent_8,1008.0,191.0,household_agent_5,105.0,191.0,1000.0
365,,,832.0,946.0,household_agent_4,1004.0,191.0,household_agent_5,88.0,191.0,1034.0
366,,,833.0,946.0,household_agent_6,1006.0,191.0,household_agent_5,42.0,191.0,988.0
367,,,834.0,946.0,household_agent_8,1008.0,191.0,household_agent_5,122.0,191.0,1068.0
368,,,880.0,973.0,household_agent_4,1004.0,191.0,household_agent_5,83.0,191.0,1056.0
369,,,881.0,973.0,household_agent_6,1006.0,191.0,household_agent_5,72.0,191.0,1045.0
370,,,882.0,973.0,household_agent_8,1008.0,191.0,household_agent_5,132.0,191.0,1105.0
371,,,928.0,1047.0,household_agent_4,1004.0,191.0,household_agent_5,82.0,191.0,1129.0
372,,,929.0,1047.0,household_agent_6,1006.0,191.0,household_agent_5,47.0,191.0,1094.0
373,,,930.0,1047.0,household_agent_8,1008.0,191.0,household_agent_5,58.0,191.0,1105.0
374,,,976.0,1090.0,household_agent_4,1004.0,191.0,household_agent_5,86.0,191.0,1176.0
375,,,977.0,1090.0,household_agent_6,1006.0,191.0,household_agent_5,45.0,191.0,1135.0
376,,,978.0,1090.0,household_agent_8,1008.0,191.0,household_agent_5,56.0,191.0,1146.0
377,,,1024.0,1181.0,household_agent_4,1004.0,191.0,household_agent_5,65.0,191.0,1246.0
378,,,1025.0,1181.0,household_agent_6,1006.0,191.0,household_agent_5,49.0,191.0,1230.0
379,,,1026.0,1181.0,household_agent_8,1008.0,191.0,household_agent_5,77.0,191.0,1258.0
380,,,29.0,184.0,household_agent_5,1005.0,191.0,household_agent_6,47.0,191.0,231.0
381,,,30.0,184.0,household_agent_7,1007.0,191.0,household_agent_6,58.0,191.0,242.0
382,,,77.0,278.0,household_agent_5,1005.0,191.0,household_agent_6,47.0,191.0,325.0
383,,,78.0,278.0,household_agent_7,1007.0,191.0,household_agent_6,61.0,191.0,339.0
384,,,125.0,345.0,household_agent_5,1005.0,191.0,household_agent_6,68.0,191.0,413.0
385,,,126.0,345.0,household_agent_7,1007.0,191.0,household_agent_6,90.0,191.0,435.0
386,,,173.0,369.0,household_agent_5,1005.0,191.0,household_agent_6,55.0,191.0,424.0
387,,,174.0,369.0,household_agent_7,1007.0,191.0,household_agent_6,66.0,191.0,435.0
388,,,221.0,375.0,household_agent_5,1005.0,191.0,household_agent_6,84.0,191.0,459.0
389,,,222.0,375.0,household_agent_7,1007.0,191.0,household_agent_6,95.0,191.0,470.0
390,,,269.0,466.0,household_agent_5,1005.0,191.0,household_agent_6,44.0,191.0,510.0
391,,,270.0,466.0,household_agent_7,1007.0,191.0,household_agent_6,55.0,191.0,521.0
392,,,317.0,493.0,household_agent_5,1005.0,191.0,household_agent_6,52.0,191.0,545.0
393,,,318.0,493.0,household_agent_7,1007.0,191.0,household_agent_6,86.0,191.0,579.0
394,,,365.0,525.0,household_agent_5,1005.0,191.0,household_agent_6,49.0,191.0,574.0
395,,,366.0,525.0,household_agent_7,1007.0,191.0,household_agent_6,86.0,191.0,611.0
396,,,413.0,618.0,household_agent_5,1005.0,191.0,household_agent_6,50.0,191.0,668.0
397,,,414.0,618.0,household_agent_7,1007.0,191.0,household_agent_6,58.0,191.0,676.0
398,,,461.0,655.0,household_agent_5,1005.0,191.0,household_agent_6,48.0,191.0,703.0
399,,,462.0,655.0,household_agent_7,1007.0,191.0,household_agent_6,92.0,191.0,747.0
400,,,509.0,686.0,household_agent_5,1005.0,191.0,household_agent_6,50.0,191.0,736.0
401,,,510.0,686.0,household_agent_7,1007.0,191.0,household_agent_6,106.0,191.0,792.0
402,,,557.0,739.0,household_agent_5,1005.0,191.0,household_agent_6,48.0,191.0,787.0
403,,,558.0,739.0,household_agent_7,1007.0,191.0,household_agent_6,53.0,191.0,792.0
404,,,605.0,800.0,household_agent_5,1005.0,191.0,household_agent_6,39.0,191.0,839.0
405,,,606.0,800.0,household_agent_7,1007.0,191.0,household_agent_6,50.0,191.0,850.0
406,,,653.0,824.0,household_agent_5,1005.0,191.0,household_agent_6,49.0,191.0,873.0
407,,,654.0,824.0,household_agent_7,1007.0,191.0,household_agent_6,60.0,191.0,884.0
408,,,701.0,869.0,household_agent_5,1005.0,191.0,household_agent_6,61.0,191.0,930.0
409,,,702.0,869.0,household_agent_7,1007.0,191.0,household_agent_6,83.0,382.0,952.0
410,,,749.0,890.0,household_agent_5,1005.0,191.0,household_agent_6,51.0,191.0,941.0
411,,,797.0,895.0,household_agent_5,1005.0,191.0,household_agent_6,73.0,191.0,968.0
412,,,798.0,895.0,household_agent_7,1007.0,191.0,household_agent_6,90.0,191.0,985.0
413,,,845.0,946.0,household_agent_5,1005.0,191.0,household_agent_6,73.0,191.0,1019.0
414,,,846.0,946.0,household_agent_7,1007.0,191.0,household_agent_6,39.0,191.0,985.0
415,,,893.0,973.0,household_agent_5,1005.0,191.0,household_agent_6,97.0,191.0,1070.0
416,,,894.0,973.0,household_agent_7,1007.0,191.0,household_agent_6,57.0,191.0,1030.0
417,,,941.0,1047.0,household_agent_5,1005.0,191.0,household_agent_6,45.0,191.0,1092.0
418,,,942.0,1047.0,household_agent_7,1007.0,191.0,household_agent_6,61.0,191.0,1108.0
419,,,989.0,1090.0,household_agent_5,1005.0,191.0,household_agent_6,59.0,191.0,1149.0
420,,,990.0,1090.0,household_agent_7,1007.0,191.0,household_agent_6,70.0,191.0,1160.0
421,,,1037.0,1181.0,household_agent_5,1005.0,191.0,household_agent_6,45.0,191.0,1226.0
422,,,1038.0,1181.0,household_agent_7,1007.0,191.0,household_agent_6,56.0,191.0,1237.0
423,,,31.0,184.0,household_agent_6,1006.0,191.0,household_agent_7,49.0,191.0,233.0
424,,,32.0,184.0,household_agent_8,1008.0,191.0,household_agent_7,60.0,191.0,244.0
425,,,33.0,184.0,generation_agent_3,1016.0,191.0,household_agent_7,71.0,191.0,255.0
426,,,79.0,278.0,household_agent_6,1006.0,191.0,household_agent_7,49.0,191.0,327.0
427,,,80.0,278.0,household_agent_8,1008.0,191.0,household_agent_7,59.0,191.0,337.0
428,,,81.0,278.0,generation_agent_3,1016.0,191.0,household_agent_7,75.0,191.0,353.0
429,,,127.0,345.0,household_agent_6,1006.0,191.0,household_agent_7,63.0,191.0,408.0
430,,,128.0,345.0,household_agent_8,1008.0,191.0,household_agent_7,85.0,382.0,430.0
431,,,129.0,345.0,generation_agent_3,1016.0,191.0,household_agent_7,96.0,191.0,441.0
432,,,175.0,369.0,household_agent_6,1006.0,191.0,household_agent_7,50.0,191.0,419.0
433,,,177.0,369.0,generation_agent_3,1016.0,191.0,household_agent_7,72.0,191.0,441.0
434,,,223.0,375.0,household_agent_6,1006.0,191.0,household_agent_7,80.0,191.0,455.0
435,,,224.0,375.0,household_agent_8,1008.0,191.0,household_agent_7,91.0,191.0,466.0
436,,,225.0,375.0,generation_agent_3,1016.0,191.0,household_agent_7,115.0,191.0,490.0
437,,,271.0,466.0,household_agent_6,1006.0,191.0,household_agent_7,80.0,191.0,546.0
438,,,272.0,466.0,household_agent_8,1008.0,191.0,household_agent_7,47.0,191.0,513.0
439,,,273.0,466.0,generation_agent_3,1016.0,191.0,household_agent_7,125.0,191.0,591.0
440,,,319.0,493.0,household_agent_6,1006.0,191.0,household_agent_7,77.0,191.0,570.0
441,,,320.0,493.0,household_agent_8,1008.0,191.0,household_agent_7,87.0,191.0,580.0
442,,,321.0,493.0,generation_agent_3,1016.0,191.0,household_agent_7,133.0,191.0,626.0
443,,,367.0,525.0,household_agent_6,1006.0,191.0,household_agent_7,79.0,191.0,604.0
444,,,368.0,525.0,household_agent_8,1008.0,191.0,household_agent_7,90.0,191.0,615.0
445,,,369.0,525.0,generation_agent_3,1016.0,191.0,household_agent_7,159.0,191.0,684.0
446,,,415.0,618.0,household_agent_6,1006.0,191.0,household_agent_7,44.0,191.0,662.0
447,,,416.0,618.0,household_agent_8,1008.0,191.0,household_agent_7,56.0,191.0,674.0
448,,,417.0,618.0,generation_agent_3,1016.0,191.0,household_agent_7,66.0,191.0,684.0
449,,,463.0,655.0,household_agent_6,1006.0,191.0,household_agent_7,46.0,191.0,701.0
450,,,464.0,655.0,household_agent_8,1008.0,191.0,household_agent_7,90.0,191.0,745.0
451,,,465.0,655.0,generation_agent_3,1016.0,191.0,household_agent_7,139.0,191.0,794.0
452,,,511.0,686.0,household_agent_6,1006.0,191.0,household_agent_7,48.0,191.0,734.0
453,,,512.0,686.0,household_agent_8,1008.0,191.0,household_agent_7,92.0,191.0,778.0
454,,,513.0,686.0,generation_agent_3,1016.0,191.0,household_agent_7,142.0,191.0,828.0
455,,,559.0,739.0,household_agent_6,1006.0,191.0,household_agent_7,39.0,191.0,778.0
456,,,560.0,739.0,household_agent_8,1008.0,191.0,household_agent_7,50.0,191.0,789.0
457,,,561.0,739.0,generation_agent_3,1016.0,191.0,household_agent_7,111.0,191.0,850.0
458,,,607.0,800.0,household_agent_6,1006.0,191.0,household_agent_7,73.0,191.0,873.0
459,,,608.0,800.0,household_agent_8,1008.0,191.0,household_agent_7,79.0,191.0,879.0
460,,,609.0,800.0,generation_agent_3,1016.0,191.0,household_agent_7,90.0,191.0,890.0
461,,,655.0,824.0,household_agent_6,1006.0,191.0,household_agent_7,80.0,191.0,904.0
462,,,656.0,824.0,household_agent_8,1008.0,191.0,household_agent_7,93.0,191.0,917.0
463,,,657.0,824.0,generation_agent_3,1016.0,191.0,household_agent_7,144.0,191.0,968.0
464,,,703.0,869.0,household_agent_6,1006.0,191.0,household_agent_7,66.0,191.0,935.0
465,,,704.0,869.0,household_agent_8,1008.0,191.0,household_agent_7,88.0,191.0,957.0
466,,,705.0,869.0,generation_agent_3,1016.0,191.0,household_agent_7,152.0,191.0,1021.0
467,,,751.0,890.0,household_agent_6,1006.0,191.0,household_agent_7,56.0,191.0,946.0
468,,,752.0,890.0,household_agent_8,1008.0,191.0,household_agent_7,125.0,382.0,1015.0
469,,,753.0,890.0,generation_agent_3,1016.0,191.0,household_agent_7,142.0,382.0,1032.0
470,,,799.0,895.0,household_agent_6,1006.0,191.0,household_agent_7,94.0,191.0,989.0
471,,,847.0,946.0,household_agent_6,1006.0,191.0,household_agent_7,64.0,191.0,1010.0
472,,,848.0,946.0,household_agent_8,1008.0,191.0,household_agent_7,75.0,191.0,1021.0
473,,,849.0,946.0,generation_agent_3,1016.0,191.0,household_agent_7,126.0,191.0,1072.0
474,,,895.0,973.0,household_agent_6,1006.0,191.0,household_agent_7,78.0,191.0,1051.0
475,,,896.0,973.0,household_agent_8,1008.0,191.0,household_agent_7,93.0,191.0,1066.0
476,,,897.0,973.0,generation_agent_3,1016.0,191.0,household_agent_7,172.0,191.0,1145.0
477,,,943.0,1047.0,household_agent_6,1006.0,191.0,household_agent_7,48.0,191.0,1095.0
478,,,944.0,1047.0,household_agent_8,1008.0,191.0,household_agent_7,100.0,191.0,1147.0
479,,,945.0,1047.0,generation_agent_3,1016.0,191.0,household_agent_7,109.0,191.0,1156.0
480,,,991.0,1090.0,household_agent_6,1006.0,191.0,household_agent_7,44.0,191.0,1134.0
481,,,992.0,1090.0,household_agent_8,1008.0,191.0,household_agent_7,89.0,191.0,1179.0
482,,,993.0,1090.0,generation_agent_3,1016.0,191.0,household_agent_7,121.0,191.0,1211.0
483,,,1039.0,1181.0,household_agent_6,1006.0,191.0,household_agent_7,48.0,191.0,1229.0
484,,,1040.0,1181.0,household_agent_8,1008.0,191.0,household_agent_7,59.0,191.0,1240.0
485,,,1041.0,1181.0,generation_agent_3,1016.0,191.0,household_agent_7,75.0,191.0,1256.0
486,,,19.0,184.0,household_agent_4,1004.0,191.0,household_agent_8,92.0,191.0,276.0
487,,,20.0,184.0,household_agent_5,1005.0,191.0,household_agent_8,49.0,191.0,233.0
488,,,21.0,184.0,household_agent_7,1007.0,191.0,household_agent_8,53.0,191.0,237.0
489,,,22.0,184.0,household_agent_9,1009.0,191.0,household_agent_8,64.0,191.0,248.0
490,,,67.0,278.0,household_agent_4,1004.0,191.0,household_agent_8,54.0,191.0,332.0
491,,,68.0,278.0,household_agent_5,1005.0,191.0,household_agent_8,43.0,191.0,321.0
492,,,69.0,278.0,household_agent_7,1007.0,191.0,household_agent_8,59.0,191.0,337.0
493,,,70.0,278.0,household_agent_9,1009.0,191.0,household_agent_8,65.0,191.0,343.0
494,,,115.0,345.0,household_agent_4,1004.0,191.0,household_agent_8,125.0,191.0,470.0
495,,,116.0,345.0,household_agent_5,1005.0,191.0,household_agent_8,80.0,191.0,425.0
496,,,117.0,345.0,household_agent_7,1007.0,191.0,household_agent_8,100.0,382.0,445.0
497,,,118.0,345.0,household_agent_9,1009.0,191.0,household_agent_8,111.0,382.0,456.0
498,,,163.0,369.0,household_agent_4,1004.0,191.0,household_agent_8,101.0,191.0,470.0
499,,,164.0,369.0,household_agent_5,1005.0,191.0,household_agent_8,56.0,191.0,425.0
500,,,211.0,375.0,household_agent_4,1004.0,191.0,household_agent_8,133.0,191.0,508.0
501,,,212.0,375.0,household_agent_5,1005.0,191.0,household_agent_8,106.0,191.0,481.0
502,,,213.0,375.0,household_agent_7,1007.0,191.0,household_agent_8,111.0,191.0,486.0
503,,,214.0,375.0,household_agent_9,1009.0,191.0,household_agent_8,150.0,191.0,525.0
504,,,259.0,466.0,household_agent_4,1004.0,191.0,household_agent_8,179.0,382.0,645.0
505,,,260.0,466.0,household_agent_5,1005.0,191.0,household_agent_8,78.0,191.0,544.0
506,,,261.0,466.0,household_agent_7,1007.0,191.0,household_agent_8,89.0,191.0,555.0
507,,,262.0,466.0,household_agent_9,1009.0,191.0,household_agent_8,100.0,191.0,566.0
508,,,308.0,493.0,household_agent_5,1005.0,191.0,household_agent_8,117.0,191.0,610.0
509,,,309.0,493.0,household_agent_7,1007.0,191.0,household_agent_8,95.0,191.0,588.0
510,,,310.0,493.0,household_agent_9,1009.0,191.0,household_agent_8,100.0,191.0,593.0
511,,,355.0,525.0,household_agent_4,1004.0,191.0,household_agent_8,141.0,191.0,666.0
512,,,356.0,525.0,household_agent_5,1005.0,191.0,household_agent_8,85.0,191.0,610.0
513,,,357.0,525.0,household_agent_7,1007.0,191.0,household_agent_8,96.0,191.0,621.0
514,,,358.0,525.0,household_agent_9,1009.0,191.0,household_agent_8,126.0,191.0,651.0
515,,,403.0,618.0,household_agent_4,1004.0,191.0,household_agent_8,117.0,191.0,735.0
516,,,404.0,618.0,household_agent_5,1005.0,191.0,household_agent_8,59.0,191.0,677.0
517,,,405.0,618.0,household_agent_7,1007.0,191.0,household_agent_8,103.0,191.0,721.0
518,,,406.0,618.0,household_agent_9,1009.0,191.0,household_agent_8,150.0,191.0,768.0
519,,,451.0,655.0,household_agent_4,1004.0,191.0,household_agent_8,80.0,191.0,735.0
520,,,452.0,655.0,household_agent_5,1005.0,191.0,household_agent_8,91.0,191.0,746.0
521,,,453.0,655.0,household_agent_7,1007.0,191.0,household_agent_8,102.0,191.0,757.0
522,,,454.0,655.0,household_agent_9,1009.0,191.0,household_agent_8,113.0,191.0,768.0
523,,,499.0,686.0,household_agent_4,1004.0,191.0,household_agent_8,155.0,191.0,841.0
524,,,500.0,686.0,household_agent_5,1005.0,191.0,household_agent_8,100.0,191.0,786.0
525,,,501.0,686.0,household_agent_7,1007.0,191.0,household_agent_8,111.0,191.0,797.0
526,,,502.0,686.0,household_agent_9,1009.0,191.0,household_agent_8,177.0,191.0,863.0
527,,,547.0,739.0,household_agent_4,1004.0,191.0,household_agent_8,107.0,191.0,846.0
528,,,548.0,739.0,household_agent_5,1005.0,191.0,household_agent_8,81.0,191.0,820.0
529,,,549.0,739.0,household_agent_7,1007.0,191.0,household_agent_8,58.0,191.0,797.0
530,,,550.0,739.0,household_agent_9,1009.0,191.0,household_agent_8,124.0,191.0,863.0
531,,,595.0,800.0,household_agent_4,1004.0,191.0,household_agent_8,181.0,191.0,981.0
532,,,596.0,800.0,household_agent_5,1005.0,191.0,household_agent_8,93.0,191.0,893.0
533,,,597.0,800.0,household_agent_7,1007.0,191.0,household_agent_8,98.0,191.0,898.0
534,,,598.0,800.0,household_agent_9,1009.0,191.0,household_agent_8,153.0,382.0,953.0
535,,,643.0,824.0,household_agent_4,1004.0,191.0,household_agent_8,253.0,191.0,1077.0
536,,,644.0,824.0,household_agent_5,1005.0,191.0,household_agent_8,93.0,191.0,917.0
537,,,645.0,824.0,household_agent_7,1007.0,191.0,household_agent_8,108.0,191.0,932.0
538,,,691.0,869.0,household_agent_4,1004.0,191.0,household_agent_8,274.0,536.0,1143.0
539,,,692.0,869.0,household_agent_5,1005.0,191.0,household_agent_8,73.0,191.0,942.0
540,,,693.0,869.0,household_agent_7,1007.0,191.0,household_agent_8,123.0,191.0,992.0
541,,,694.0,869.0,household_agent_9,1009.0,191.0,household_agent_8,141.0,191.0,1010.0
542,,,740.0,890.0,household_agent_5,1005.0,191.0,household_agent_8,98.0,382.0,988.0
543,,,741.0,890.0,household_agent_7,1007.0,191.0,household_agent_8,108.0,382.0,998.0
544,,,742.0,890.0,household_agent_9,1009.0,191.0,household_agent_8,157.0,382.0,1047.0
545,,,787.0,895.0,household_agent_4,1004.0,191.0,household_agent_8,292.0,419.0,1187.0
546,,,836.0,946.0,household_agent_5,1005.0,191.0,household_agent_8,79.0,191.0,1025.0
547,,,837.0,946.0,household_agent_7,1007.0,191.0,household_agent_8,90.0,191.0,1036.0
548,,,838.0,946.0,household_agent_9,1009.0,191.0,household_agent_8,101.0,191.0,1047.0
549,,,884.0,973.0,household_agent_5,1005.0,191.0,household_agent_8,116.0,191.0,1089.0
550,,,885.0,973.0,household_agent_7,1007.0,191.0,household_agent_8,137.0,191.0,1110.0
551,,,886.0,973.0,household_agent_9,1009.0,191.0,household_agent_8,186.0,191.0,1159.0
552,,,931.0,1047.0,household_agent_4,1004.0,191.0,household_agent_8,96.0,191.0,1143.0
553,,,932.0,1047.0,household_agent_5,1005.0,191.0,household_agent_8,52.0,191.0,1099.0
554,,,933.0,1047.0,household_agent_7,1007.0,191.0,household_agent_8,107.0,191.0,1154.0
555,,,934.0,1047.0,household_agent_9,1009.0,191.0,household_agent_8,168.0,191.0,1215.0
556,,,979.0,1090.0,household_agent_4,1004.0,191.0,household_agent_8,97.0,191.0,1187.0
557,,,980.0,1090.0,household_agent_5,1005.0,191.0,household_agent_8,58.0,191.0,1148.0
558,,,981.0,1090.0,household_agent_7,1007.0,191.0,household_agent_8,109.0,191.0,1199.0
559,,,982.0,1090.0,household_agent_9,1009.0,191.0,household_agent_8,174.0,191.0,1264.0
560,,,1027.0,1181.0,household_agent_4,1004.0,191.0,household_agent_8,50.0,191.0,1231.0
561,,,1028.0,1181.0,household_agent_5,1005.0,191.0,household_agent_8,61.0,191.0,1242.0
562,,,1029.0,1181.0,household_agent_7,1007.0,191.0,household_agent_8,72.0,191.0,1253.0
563,,,1030.0,1181.0,household_agent_9,1009.0,191.0,household_agent_8,83.0,191.0,1264.0
564,,,34.0,184.0,household_agent_1,1001.0,191.0,household_agent_9,82.0,191.0,266.0
565,,,35.0,184.0,household_agent_8,1008.0,191.0,household_agent_9,55.0,191.0,239.0
566,,,36.0,184.0,household_agent_10,1010.0,191.0,household_agent_9,60.0,191.0,244.0
567,,,82.0,278.0,household_agent_1,1001.0,191.0,household_agent_9,78.0,191.0,356.0
568,,,83.0,278.0,household_agent_8,1008.0,191.0,household_agent_9,48.0,191.0,326.0
569,,,84.0,278.0,household_agent_10,1010.0,191.0,household_agent_9,53.0,191.0,331.0
570,,,130.0,345.0,household_agent_1,1001.0,191.0,household_agent_9,68.0,191.0,413.0
571,,,131.0,345.0,household_agent_8,1008.0,191.0,household_agent_9,80.0,191.0,425.0
572,,,132.0,345.0,household_agent_10,1010.0,191.0,household_agent_9,80.0,191.0,425.0
573,,,178.0,369.0,household_agent_1,1001.0,191.0,household_agent_9,89.0,191.0,458.0
574,,,179.0,369.0,household_agent_8,1008.0,191.0,household_agent_9,116.0,382.0,485.0
575,,,180.0,369.0,household_agent_10,1010.0,191.0,household_agent_9,66.0,191.0,435.0
576,,,226.0,375.0,household_agent_1,1001.0,191.0,household_agent_9,127.0,191.0,502.0
577,,,228.0,375.0,household_agent_10,1010.0,191.0,household_agent_9,116.0,191.0,491.0
578,,,274.0,466.0,household_agent_1,1001.0,191.0,household_agent_9,75.0,191.0,541.0
579,,,275.0,466.0,household_agent_8,1008.0,191.0,household_agent_9,125.0,382.0,591.0
580,,,276.0,466.0,household_agent_10,1010.0,191.0,household_agent_9,86.0,191.0,552.0
581,,,322.0,493.0,household_agent_1,1001.0,191.0,household_agent_9,87.0,191.0,580.0
582,,,324.0,493.0,household_agent_10,1010.0,191.0,household_agent_9,103.0,191.0,596.0
583,,,370.0,525.0,household_agent_1,1001.0,191.0,household_agent_9,60.0,191.0,585.0
584,,,371.0,525.0,household_agent_8,1008.0,191.0,household_agent_9,113.0,191.0,638.0
585,,,372.0,525.0,household_agent_10,1010.0,191.0,household_agent_9,77.0,191.0,602.0
586,,,418.0,618.0,household_agent_1,1001.0,191.0,household_agent_9,97.0,191.0,715.0
587,,,419.0,618.0,household_agent_8,1008.0,191.0,household_agent_9,52.0,191.0,670.0
588,,,420.0,618.0,household_agent_10,1010.0,191.0,household_agent_9,63.0,191.0,681.0
589,,,466.0,655.0,household_agent_1,1001.0,191.0,household_agent_9,71.0,191.0,726.0
590,,,467.0,655.0,household_agent_8,1008.0,191.0,household_agent_9,83.0,191.0,738.0
591,,,468.0,655.0,household_agent_10,1010.0,191.0,household_agent_9,99.0,191.0,754.0
592,,,514.0,686.0,household_agent_1,1001.0,191.0,household_agent_9,80.0,191.0,766.0
593,,,515.0,686.0,household_agent_8,1008.0,191.0,household_agent_9,109.0,191.0,795.0
594,,,516.0,686.0,household_agent_10,1010.0,191.0,household_agent_9,119.0,191.0,805.0
595,,,562.0,739.0,household_agent_1,1001.0,191.0,household_agent_9,46.0,191.0,785.0
596,,,563.0,739.0,household_agent_8,1008.0,191.0,household_agent_9,56.0,191.0,795.0
597,,,564.0,739.0,household_agent_10,1010.0,191.0,household_agent_9,66.0,191.0,805.0
598,,,610.0,800.0,household_agent_1,1001.0,191.0,household_agent_9,72.0,191.0,872.0
599,,,611.0,800.0,household_agent_8,1008.0,191.0,household_agent_9,93.0,191.0,893.0
600,,,612.0,800.0,household_agent_10,1010.0,191.0,household_agent_9,98.0,191.0,898.0
601,,,658.0,824.0,household_agent_1,1001.0,191.0,household_agent_9,99.0,191.0,923.0
602,,,659.0,824.0,household_agent_8,1008.0,191.0,household_agent_9,136.0,191.0,960.0
603,,,660.0,824.0,household_agent_10,1010.0,191.0,household_agent_9,102.0,191.0,926.0
604,,,706.0,869.0,household_agent_1,1001.0,191.0,household_agent_9,80.0,191.0,949.0
605,,,707.0,869.0,household_agent_8,1008.0,191.0,household_agent_9,154.0,536.0,1023.0
606,,,708.0,869.0,household_agent_10,1010.0,191.0,household_agent_9,124.0,382.0,993.0
607,,,754.0,890.0,household_agent_1,1001.0,191.0,household_agent_9,93.0,382.0,983.0
608,,,803.0,895.0,household_agent_8,1008.0,191.0,household_agent_9,172.0,37.0,1067.0
609,,,804.0,895.0,household_agent_10,1010.0,191.0,household_agent_9,161.0,191.0,1056.0
610,,,850.0,946.0,household_agent_1,1001.0,191.0,household_agent_9,99.0,191.0,1045.0
611,,,851.0,946.0,household_agent_8,1008.0,191.0,household_agent_9,88.0,191.0,1034.0
612,,,852.0,946.0,household_agent_10,1010.0,191.0,household_agent_9,121.0,191.0,1067.0
613,,,898.0,973.0,household_agent_1,1001.0,191.0,household_agent_9,112.0,191.0,1085.0
614,,,899.0,973.0,household_agent_8,1008.0,191.0,household_agent_9,94.0,191.0,1067.0
615,,,900.0,973.0,household_agent_10,1010.0,191.0,household_agent_9,136.0,191.0,1109.0
616,,,946.0,1047.0,household_agent_1,1001.0,191.0,household_agent_9,50.0,191.0,1097.0
617,,,947.0,1047.0,household_agent_8,1008.0,191.0,household_agent_9,138.0,191.0,1185.0
618,,,948.0,1047.0,household_agent_10,1010.0,191.0,household_agent_9,62.0,191.0,1109.0
619,,,994.0,1090.0,household_agent_1,1001.0,191.0,household_agent_9,77.0,191.0,1167.0
620,,,995.0,1090.0,household_agent_8,1008.0,191.0,household_agent_9,155.0,191.0,1245.0
621,,,996.0,1090.0,household_agent_10,1010.0,191.0,household_agent_9,51.0,191.0,1141.0
622,,,1042.0,1181.0,household_agent_1,1001.0,191.0,household_agent_9,53.0,191.0,1234.0
623,,,1043.0,1181.0,household_agent_8,1008.0,191.0,household_agent_9,97.0,191.0,1278.0
624,,,1044.0,1181.0,household_agent_10,1010.0,191.0,household_agent_9,77.0,191.0,1258.0
625,,,47.0,184.0,household_agent_9,1009.0,191.0,household_agent_10,54.0,191.0,238.0
626,,,48.0,184.0,household_agent_11,1011.0,191.0,household_agent_10,59.0,191.0,243.0
627,,,95.0,278.0,household_agent_9,1009.0,191.0,household_agent_10,48.0,191.0,326.0
628,,,96.0,278.0,household_agent_11,1011.0,191.0,household_agent_10,53.0,191.0,331.0
629,,,143.0,345.0,household_agent_9,1009.0,191.0,household_agent_10,69.0,191.0,414.0
630,,,144.0,345.0,household_agent_11,1011.0,191.0,household_agent_10,80.0,191.0,425.0
631,,,191.0,369.0,household_agent_9,1009.0,191.0,household_agent_10,50.0,191.0,419.0
632,,,192.0,369.0,household_agent_11,1011.0,191.0,household_agent_10,56.0,191.0,425.0
633,,,239.0,375.0,household_agent_9,1009.0,191.0,household_agent_10,80.0,191.0,455.0
634,,,240.0,375.0,household_agent_11,1011.0,191.0,household_agent_10,85.0,191.0,460.0
635,,,287.0,466.0,household_agent_9,1009.0,191.0,household_agent_10,45.0,191.0,511.0
636,,,288.0,466.0,household_agent_11,1011.0,191.0,household_agent_10,84.0,191.0,550.0
637,,,335.0,493.0,household_agent_9,1009.0,191.0,household_agent_10,79.0,191.0,572.0
638,,,336.0,493.0,household_agent_11,1011.0,191.0,household_agent_10,84.0,191.0,577.0
639,,,383.0,525.0,household_agent_9,1009.0,191.0,household_agent_10,97.0,191.0,622.0
640,,,384.0,525.0,household_agent_11,1011.0,191.0,household_agent_10,97.0,191.0,622.0
641,,,431.0,618.0,household_agent_9,1009.0,191.0,household_agent_10,48.0,191.0,666.0
642,,,432.0,618.0,household_agent_11,1011.0,191.0,household_agent_10,59.0,191.0,677.0
643,,,479.0,655.0,household_agent_9,1009.0,191.0,household_agent_10,102.0,191.0,757.0
644,,,480.0,655.0,household_agent_11,1011.0,191.0,household_agent_10,74.0,191.0,729.0
645,,,527.0,686.0,household_agent_9,1009.0,191.0,household_agent_10,102.0,191.0,788.0
646,,,528.0,686.0,household_agent_11,1011.0,191.0,household_agent_10,83.0,191.0,769.0
647,,,575.0,739.0,household_agent_9,1009.0,191.0,household_agent_10,49.0,191.0,788.0
648,,,576.0,739.0,household_agent_11,1011.0,191.0,household_agent_10,60.0,191.0,799.0
649,,,623.0,800.0,household_agent_9,1009.0,191.0,household_agent_10,45.0,191.0,845.0
650,,,624.0,800.0,household_agent_11,1011.0,191.0,household_agent_10,52.0,191.0,852.0
651,,,671.0,824.0,household_agent_9,1009.0,191.0,household_agent_10,55.0,191.0,879.0
652,,,672.0,824.0,household_agent_11,1011.0,191.0,household_agent_10,66.0,191.0,890.0
653,,,719.0,869.0,household_agent_9,1009.0,191.0,household_agent_10,77.0,191.0,946.0
654,,,720.0,869.0,household_agent_11,1011.0,191.0,household_agent_10,93.0,382.0,962.0
655,,,767.0,890.0,household_agent_9,1009.0,191.0,household_agent_10,123.0,382.0,1013.0
656,,,816.0,895.0,household_agent_11,1011.0,191.0,household_agent_10,99.0,191.0,994.0
657,,,863.0,946.0,household_agent_9,1009.0,191.0,household_agent_10,78.0,191.0,1024.0
658,,,864.0,946.0,household_agent_11,1011.0,191.0,household_agent_10,89.0,191.0,1035.0
659,,,911.0,973.0,household_agent_9,1009.0,191.0,household_agent_10,114.0,191.0,1087.0
660,,,912.0,973.0,household_agent_11,1011.0,191.0,household_agent_10,93.0,191.0,1066.0
661,,,959.0,1047.0,household_agent_9,1009.0,191.0,household_agent_10,51.0,191.0,1098.0
662,,,960.0,1047.0,household_agent_11,1011.0,191.0,household_agent_10,62.0,191.0,1109.0
663,,,1007.0,1090.0,household_agent_9,1009.0,191.0,household_agent_10,48.0,191.0,1138.0
664,,,1008.0,1090.0,household_agent_11,1011.0,191.0,household_agent_10,53.0,191.0,1143.0
665,,,1055.0,1181.0,household_agent_9,1009.0,191.0,household_agent_10,52.0,191.0,1233.0
666,,,1056.0,1181.0,household_agent_11,1011.0,191.0,household_agent_10,57.0,191.0,1238.0
667,,,39.0,184.0,household_agent_10,1010.0,191.0,household_agent_11,49.0,191.0,233.0
668,,,40.0,184.0,household_agent_12,1012.0,191.0,household_agent_11,54.0,191.0,238.0
669,,,87.0,278.0,household_agent_10,1010.0,191.0,household_agent_11,49.0,191.0,327.0
670,,,88.0,278.0,household_agent_12,1012.0,191.0,household_agent_11,53.0,191.0,331.0
671,,,135.0,345.0,household_agent_10,1010.0,191.0,household_agent_11,72.0,191.0,417.0
672,,,136.0,345.0,household_agent_12,1012.0,191.0,household_agent_11,83.0,191.0,428.0
673,,,183.0,369.0,household_agent_10,1010.0,191.0,household_agent_11,48.0,191.0,417.0
674,,,184.0,369.0,household_agent_12,1012.0,191.0,household_agent_11,59.0,191.0,428.0
675,,,231.0,375.0,household_agent_10,1010.0,191.0,household_agent_11,76.0,191.0,451.0
676,,,232.0,375.0,household_agent_12,1012.0,191.0,household_agent_11,87.0,191.0,462.0
677,,,279.0,466.0,household_agent_10,1010.0,191.0,household_agent_11,70.0,191.0,536.0
678,,,280.0,466.0,household_agent_12,1012.0,191.0,household_agent_11,81.0,191.0,547.0
679,,,327.0,493.0,household_agent_10,1010.0,191.0,household_agent_11,77.0,191.0,570.0
680,,,328.0,493.0,household_agent_12,1012.0,191.0,household_agent_11,88.0,191.0,581.0
681,,,375.0,525.0,household_agent_10,1010.0,191.0,household_agent_11,50.0,191.0,575.0
682,,,376.0,525.0,household_agent_12,1012.0,191.0,household_agent_11,56.0,191.0,581.0
683,,,423.0,618.0,household_agent_10,1010.0,191.0,household_agent_11,49.0,191.0,667.0
684,,,424.0,618.0,household_agent_12,1012.0,191.0,household_agent_11,60.0,191.0,678.0
685,,,471.0,655.0,household_agent_10,1010.0,191.0,household_agent_11,47.0,191.0,702.0
686,,,472.0,655.0,household_agent_12,1012.0,191.0,household_agent_11,99.0,191.0,754.0
687,,,519.0,686.0,household_agent_10,1010.0,191.0,household_agent_11,57.0,191.0,743.0
688,,,520.0,686.0,household_agent_12,1012.0,191.0,household_agent_11,109.0,191.0,795.0
689,,,567.0,739.0,household_agent_10,1010.0,191.0,household_agent_11,56.0,191.0,795.0
690,,,568.0,739.0,household_agent_12,1012.0,191.0,household_agent_11,68.0,191.0,807.0
691,,,615.0,800.0,household_agent_10,1010.0,191.0,household_agent_11,72.0,191.0,872.0
692,,,616.0,800.0,household_agent_12,1012.0,191.0,household_agent_11,83.0,191.0,883.0
693,,,663.0,824.0,household_agent_10,1010.0,191.0,household_agent_11,85.0,191.0,909.0
694,,,664.0,824.0,household_agent_12,1012.0,191.0,household_agent_11,99.0,191.0,923.0
695,,,711.0,869.0,household_agent_10,1010.0,191.0,household_agent_11,77.0,382.0,946.0
696,,,712.0,869.0,household_agent_12,1012.0,191.0,household_agent_11,88.0,382.0,957.0
697,,,807.0,895.0,household_agent_10,1010.0,191.0,household_agent_11,87.0,191.0,982.0
698,,,808.0,895.0,household_agent_12,1012.0,191.0,household_agent_11,109.0,191.0,1004.0
699,,,855.0,946.0,household_agent_10,1010.0,191.0,household_agent_11,48.0,191.0,994.0
700,,,856.0,946.0,household_agent_12,1012.0,191.0,household_agent_11,87.0,191.0,1033.0
701,,,903.0,973.0,household_agent_10,1010.0,191.0,household_agent_11,76.0,191.0,1049.0
702,,,904.0,973.0,household_agent_12,1012.0,191.0,household_agent_11,105.0,191.0,1078.0
703,,,951.0,1047.0,household_agent_10,1010.0,191.0,household_agent_11,47.0,191.0,1094.0
704,,,952.0,1047.0,household_agent_12,1012.0,191.0,household_agent_11,58.0,191.0,1105.0
705,,,999.0,1090.0,household_agent_10,1010.0,191.0,household_agent_11,44.0,191.0,1134.0
706,,,1000.0,1090.0,household_agent_12,1012.0,191.0,household_agent_11,57.0,191.0,1147.0
707,,,1047.0,1181.0,household_agent_10,1010.0,191.0,household_agent_11,47.0,191.0,1228.0
708,,,1048.0,1181.0,household_agent_12,1012.0,191.0,household_agent_11,52.0,191.0,1233.0
709,,,26.0,184.0,household_agent_3,1003.0,191.0,household_agent_12,49.0,191.0,233.0
710,,,27.0,184.0,household_agent_11,1011.0,191.0,household_agent_12,60.0,191.0,244.0
711,,,28.0,184.0,generation_agent_0,1013.0,191.0,household_agent_12,70.0,191.0,254.0
712,,,74.0,278.0,household_agent_3,1003.0,191.0,household_agent_12,46.0,191.0,324.0
713,,,75.0,278.0,household_agent_11,1011.0,191.0,household_agent_12,59.0,191.0,337.0
714,,,76.0,278.0,generation_agent_0,1013.0,191.0,household_agent_12,68.0,191.0,346.0
715,,,122.0,345.0,household_agent_3,1003.0,191.0,household_agent_12,94.0,191.0,439.0
716,,,123.0,345.0,household_agent_11,1011.0,191.0,household_agent_12,72.0,191.0,417.0
717,,,124.0,345.0,generation_agent_0,1013.0,191.0,household_agent_12,110.0,382.0,455.0
718,,,170.0,369.0,household_agent_3,1003.0,191.0,household_agent_12,108.0,382.0,477.0
719,,,171.0,369.0,household_agent_11,1011.0,191.0,household_agent_12,59.0,191.0,428.0
720,,,219.0,375.0,household_agent_11,1011.0,191.0,household_agent_12,75.0,191.0,450.0
721,,,220.0,375.0,generation_agent_0,1013.0,191.0,household_agent_12,113.0,191.0,488.0
722,,,266.0,466.0,household_agent_3,1003.0,191.0,household_agent_12,74.0,191.0,540.0
723,,,267.0,466.0,household_agent_11,1011.0,191.0,household_agent_12,90.0,191.0,556.0
724,,,268.0,466.0,generation_agent_0,1013.0,191.0,household_agent_12,96.0,191.0,562.0
725,,,314.0,493.0,household_agent_3,1003.0,191.0,household_agent_12,80.0,191.0,573.0
726,,,315.0,493.0,household_agent_11,1011.0,191.0,household_agent_12,114.0,191.0,607.0
727,,,316.0,493.0,generation_agent_0,1013.0,191.0,household_agent_12,119.0,191.0,612.0
728,,,362.0,525.0,household_agent_3,1003.0,191.0,household_agent_12,48.0,191.0,573.0
729,,,363.0,525.0,household_agent_11,1011.0,191.0,household_agent_12,82.0,191.0,607.0
730,,,364.0,525.0,generation_agent_0,1013.0,191.0,household_agent_12,93.0,191.0,618.0
731,,,410.0,618.0,household_agent_3,1003.0,191.0,household_agent_12,50.0,191.0,668.0
732,,,411.0,618.0,household_agent_11,1011.0,191.0,household_agent_12,61.0,191.0,679.0
733,,,412.0,618.0,generation_agent_0,1013.0,191.0,household_agent_12,72.0,191.0,690.0
734,,,458.0,655.0,household_agent_3,1003.0,191.0,household_agent_12,70.0,191.0,725.0
735,,,459.0,655.0,household_agent_11,1011.0,191.0,household_agent_12,81.0,191.0,736.0
736,,,460.0,655.0,generation_agent_0,1013.0,191.0,household_agent_12,92.0,191.0,747.0
737,,,506.0,686.0,household_agent_3,1003.0,191.0,household_agent_12,84.0,191.0,770.0
738,,,507.0,686.0,household_agent_11,1011.0,191.0,household_agent_12,101.0,191.0,787.0
739,,,508.0,686.0,generation_agent_0,1013.0,191.0,household_agent_12,117.0,191.0,803.0
740,,,554.0,739.0,household_agent_3,1003.0,191.0,household_agent_12,42.0,191.0,781.0
741,,,555.0,739.0,household_agent_11,1011.0,191.0,household_agent_12,53.0,191.0,792.0
742,,,556.0,739.0,generation_agent_0,1013.0,191.0,household_agent_12,64.0,191.0,803.0
743,,,602.0,800.0,household_agent_3,1003.0,191.0,household_agent_12,65.0,191.0,865.0
744,,,603.0,800.0,household_agent_11,1011.0,191.0,household_agent_12,45.0,191.0,845.0
745,,,604.0,800.0,generation_agent_0,1013.0,191.0,household_agent_12,90.0,191.0,890.0
746,,,650.0,824.0,household_agent_3,1003.0,191.0,household_agent_12,85.0,191.0,909.0
747,,,651.0,824.0,household_agent_11,1011.0,191.0,household_agent_12,60.0,191.0,884.0
748,,,652.0,824.0,generation_agent_0,1013.0,191.0,household_agent_12,108.0,191.0,932.0
749,,,698.0,869.0,household_agent_3,1003.0,191.0,household_agent_12,85.0,191.0,954.0
750,,,699.0,869.0,household_agent_11,1011.0,191.0,household_agent_12,101.0,382.0,970.0
751,,,700.0,869.0,generation_agent_0,1013.0,191.0,household_agent_12,123.0,191.0,992.0
752,,,746.0,890.0,household_agent_3,1003.0,191.0,household_agent_12,76.0,191.0,966.0
753,,,748.0,890.0,generation_agent_0,1013.0,191.0,household_agent_12,139.0,382.0,1029.0
754,,,794.0,895.0,household_agent_3,1003.0,191.0,household_agent_12,97.0,191.0,992.0
755,,,795.0,895.0,household_agent_11,1011.0,191.0,household_agent_12,118.0,191.0,1013.0
756,,,842.0,946.0,household_agent_3,1003.0,191.0,household_agent_12,102.0,191.0,1048.0
757,,,843.0,946.0,household_agent_11,1011.0,191.0,household_agent_12,78.0,191.0,1024.0
758,,,844.0,946.0,generation_agent_0,1013.0,191.0,household_agent_12,89.0,191.0,1035.0
759,,,890.0,973.0,household_agent_3,1003.0,191.0,household_agent_12,123.0,191.0,1096.0
760,,,891.0,973.0,household_agent_11,1011.0,191.0,household_agent_12,86.0,191.0,1059.0
761,,,892.0,973.0,generation_agent_0,1013.0,191.0,household_agent_12,97.0,191.0,1070.0
762,,,938.0,1047.0,household_agent_3,1003.0,191.0,household_agent_12,62.0,191.0,1109.0
763,,,939.0,1047.0,household_agent_11,1011.0,191.0,household_agent_12,71.0,191.0,1118.0
764,,,940.0,1047.0,generation_agent_0,1013.0,191.0,household_agent_12,85.0,191.0,1132.0
765,,,986.0,1090.0,household_agent_3,1003.0,191.0,household_agent_12,59.0,191.0,1149.0
766,,,987.0,1090.0,household_agent_11,1011.0,191.0,household_agent_12,71.0,191.0,1161.0
767,,,988.0,1090.0,generation_agent_0,1013.0,191.0,household_agent_12,81.0,191.0,1171.0
768,,,1034.0,1181.0,household_agent_3,1003.0,191.0,household_agent_12,47.0,191.0,1228.0
769,,,1035.0,1181.0,household_agent_11,1011.0,191.0,household_agent_12,58.0,191.0,1239.0
770,,,1036.0,1181.0,generation_agent_0,1013.0,191.0,household_agent_12,69.0,191.0,1250.0
771,,,41.0,184.0,household_agent_12,1012.0,191.0,generation_agent_0,53.0,191.0,237.0
772,,,42.0,184.0,generation_agent_1,1014.0,191.0,generation_agent_0,58.0,191.0,242.0
773,,,43.0,184.0,generation_agent_2,1015.0,191.0,generation_agent_0,69.0,191.0,253.0
774,,,89.0,278.0,household_agent_12,1012.0,191.0,generation_agent_0,48.0,191.0,326.0
775,,,90.0,278.0,generation_agent_1,1014.0,191.0,generation_agent_0,53.0,191.0,331.0
776,,,91.0,278.0,generation_agent_2,1015.0,191.0,generation_agent_0,64.0,191.0,342.0
777,,,137.0,345.0,household_agent_12,1012.0,191.0,generation_agent_0,71.0,191.0,416.0
778,,,138.0,345.0,generation_agent_1,1014.0,191.0,generation_agent_0,87.0,191.0,432.0
779,,,139.0,345.0,generation_agent_2,1015.0,191.0,generation_agent_0,105.0,191.0,450.0
780,,,185.0,369.0,household_agent_12,1012.0,191.0,generation_agent_0,58.0,191.0,427.0
781,,,186.0,369.0,generation_agent_1,1014.0,191.0,generation_agent_0,69.0,191.0,438.0
782,,,187.0,369.0,generation_agent_2,1015.0,191.0,generation_agent_0,128.0,382.0,497.0
783,,,233.0,375.0,household_agent_12,1012.0,191.0,generation_agent_0,97.0,191.0,472.0
784,,,234.0,375.0,generation_agent_1,1014.0,191.0,generation_agent_0,108.0,191.0,483.0
785,,,281.0,466.0,household_agent_12,1012.0,191.0,generation_agent_0,39.0,191.0,505.0
786,,,282.0,466.0,generation_agent_1,1014.0,191.0,generation_agent_0,78.0,191.0,544.0
787,,,283.0,466.0,generation_agent_2,1015.0,191.0,generation_agent_0,96.0,191.0,562.0
788,,,329.0,493.0,household_agent_12,1012.0,191.0,generation_agent_0,46.0,191.0,539.0
789,,,330.0,493.0,generation_agent_1,1014.0,191.0,generation_agent_0,88.0,191.0,581.0
790,,,331.0,493.0,generation_agent_2,1015.0,191.0,generation_agent_0,110.0,191.0,603.0
791,,,377.0,525.0,household_agent_12,1012.0,191.0,generation_agent_0,73.0,191.0,598.0
792,,,378.0,525.0,generation_agent_1,1014.0,191.0,generation_agent_0,63.0,191.0,588.0
793,,,379.0,525.0,generation_agent_2,1015.0,191.0,generation_agent_0,110.0,191.0,635.0
794,,,425.0,618.0,household_agent_12,1012.0,191.0,generation_agent_0,47.0,191.0,665.0
795,,,426.0,618.0,generation_agent_1,1014.0,191.0,generation_agent_0,59.0,191.0,677.0
796,,,427.0,618.0,generation_agent_2,1015.0,191.0,generation_agent_0,69.0,191.0,687.0
797,,,473.0,655.0,household_agent_12,1012.0,191.0,generation_agent_0,79.0,191.0,734.0
798,,,474.0,655.0,generation_agent_1,1014.0,191.0,generation_agent_0,90.0,191.0,745.0
799,,,475.0,655.0,generation_agent_2,1015.0,191.0,generation_agent_0,101.0,191.0,756.0
800,,,521.0,686.0,household_agent_12,1012.0,191.0,generation_agent_0,81.0,191.0,767.0
801,,,522.0,686.0,generation_agent_1,1014.0,191.0,generation_agent_0,93.0,191.0,779.0
802,,,523.0,686.0,generation_agent_2,1015.0,191.0,generation_agent_0,116.0,191.0,802.0
803,,,569.0,739.0,household_agent_12,1012.0,191.0,generation_agent_0,73.0,191.0,812.0
804,,,570.0,739.0,generation_agent_1,1014.0,191.0,generation_agent_0,51.0,191.0,790.0
805,,,571.0,739.0,generation_agent_2,1015.0,191.0,generation_agent_0,63.0,191.0,802.0
806,,,617.0,800.0,household_agent_12,1012.0,191.0,generation_agent_0,68.0,191.0,868.0
807,,,618.0,800.0,generation_agent_1,1014.0,191.0,generation_agent_0,73.0,191.0,873.0
808,,,619.0,800.0,generation_agent_2,1015.0,191.0,generation_agent_0,84.0,191.0,884.0
809,,,665.0,824.0,household_agent_12,1012.0,191.0,generation_agent_0,81.0,191.0,905.0
810,,,666.0,824.0,generation_agent_1,1014.0,191.0,generation_agent_0,92.0,191.0,916.0
811,,,667.0,824.0,generation_agent_2,1015.0,191.0,generation_agent_0,103.0,191.0,927.0
812,,,713.0,869.0,household_agent_12,1012.0,191.0,generation_agent_0,82.0,382.0,951.0
813,,,714.0,869.0,generation_agent_1,1014.0,191.0,generation_agent_0,93.0,191.0,962.0
814,,,715.0,869.0,generation_agent_2,1015.0,191.0,generation_agent_0,104.0,382.0,973.0
815,,,762.0,890.0,generation_agent_1,1014.0,191.0,generation_agent_0,72.0,191.0,962.0
816,,,809.0,895.0,household_agent_12,1012.0,191.0,generation_agent_0,113.0,191.0,1008.0
817,,,810.0,895.0,generation_agent_1,1014.0,191.0,generation_agent_0,98.0,191.0,993.0
818,,,811.0,895.0,generation_agent_2,1015.0,191.0,generation_agent_0,140.0,191.0,1035.0
819,,,857.0,946.0,household_agent_12,1012.0,191.0,generation_agent_0,73.0,191.0,1019.0
820,,,858.0,946.0,generation_agent_1,1014.0,191.0,generation_agent_0,84.0,191.0,1030.0
821,,,859.0,946.0,generation_agent_2,1015.0,191.0,generation_agent_0,96.0,191.0,1042.0
822,,,905.0,973.0,household_agent_12,1012.0,191.0,generation_agent_0,82.0,191.0,1055.0
823,,,906.0,973.0,generation_agent_1,1014.0,191.0,generation_agent_0,94.0,191.0,1067.0
824,,,907.0,973.0,generation_agent_2,1015.0,191.0,generation_agent_0,104.0,191.0,1077.0
825,,,953.0,1047.0,household_agent_12,1012.0,191.0,generation_agent_0,48.0,191.0,1095.0
826,,,954.0,1047.0,generation_agent_1,1014.0,191.0,generation_agent_0,59.0,191.0,1106.0
827,,,955.0,1047.0,generation_agent_2,1015.0,191.0,generation_agent_0,70.0,191.0,1117.0
828,,,1001.0,1090.0,household_agent_12,1012.0,191.0,generation_agent_0,61.0,191.0,1151.0
829,,,1002.0,1090.0,generation_agent_1,1014.0,191.0,generation_agent_0,48.0,191.0,1138.0
830,,,1003.0,1090.0,generation_agent_2,1015.0,191.0,generation_agent_0,72.0,191.0,1162.0
831,,,1049.0,1181.0,household_agent_12,1012.0,191.0,generation_agent_0,49.0,191.0,1230.0
832,,,1050.0,1181.0,generation_agent_1,1014.0,191.0,generation_agent_0,52.0,191.0,1233.0
833,,,1051.0,1181.0,generation_agent_2,1015.0,191.0,generation_agent_0,58.0,191.0,1239.0
834,,,49.0,184.0,generation_agent_0,1013.0,191.0,generation_agent_1,54.0,191.0,238.0
835,,,50.0,184.0,generation_agent_2,1015.0,191.0,generation_agent_1,62.0,191.0,246.0
836,,,97.0,278.0,generation_agent_0,1013.0,191.0,generation_agent_1,49.0,191.0,327.0
837,,,98.0,278.0,generation_agent_2,1015.0,191.0,generation_agent_1,54.0,191.0,332.0
838,,,145.0,345.0,generation_agent_0,1013.0,191.0,generation_agent_1,35.0,191.0,380.0
839,,,146.0,345.0,generation_agent_2,1015.0,191.0,generation_agent_1,88.0,191.0,433.0
840,,,193.0,369.0,generation_agent_0,1013.0,191.0,generation_agent_1,52.0,191.0,421.0
841,,,194.0,369.0,generation_agent_2,1015.0,191.0,generation_agent_1,64.0,191.0,433.0
842,,,241.0,375.0,generation_agent_0,1013.0,191.0,generation_agent_1,83.0,191.0,458.0
843,,,242.0,375.0,generation_agent_2,1015.0,191.0,generation_agent_1,88.0,191.0,463.0
844,,,289.0,466.0,generation_agent_0,1013.0,191.0,generation_agent_1,67.0,191.0,533.0
845,,,290.0,466.0,generation_agent_2,1015.0,191.0,generation_agent_1,79.0,191.0,545.0
846,,,337.0,493.0,generation_agent_0,1013.0,191.0,generation_agent_1,78.0,191.0,571.0
847,,,338.0,493.0,generation_agent_2,1015.0,191.0,generation_agent_1,89.0,191.0,582.0
848,,,385.0,525.0,generation_agent_0,1013.0,191.0,generation_agent_1,46.0,191.0,571.0
849,,,386.0,525.0,generation_agent_2,1015.0,191.0,generation_agent_1,57.0,191.0,582.0
850,,,433.0,618.0,generation_agent_0,1013.0,191.0,generation_agent_1,52.0,191.0,670.0
851,,,434.0,618.0,generation_agent_2,1015.0,191.0,generation_agent_1,92.0,191.0,710.0
852,,,481.0,655.0,generation_agent_0,1013.0,191.0,generation_agent_1,42.0,191.0,697.0
853,,,482.0,655.0,generation_agent_2,1015.0,191.0,generation_agent_1,87.0,191.0,742.0
854,,,529.0,686.0,generation_agent_0,1013.0,191.0,generation_agent_1,51.0,191.0,737.0
855,,,530.0,686.0,generation_agent_2,1015.0,191.0,generation_agent_1,84.0,191.0,770.0
856,,,577.0,739.0,generation_agent_0,1013.0,191.0,generation_agent_1,48.0,191.0,787.0
857,,,578.0,739.0,generation_agent_2,1015.0,191.0,generation_agent_1,67.0,191.0,806.0
858,,,625.0,800.0,generation_agent_0,1013.0,191.0,generation_agent_1,69.0,191.0,869.0
859,,,626.0,800.0,generation_agent_2,1015.0,191.0,generation_agent_1,80.0,191.0,880.0
860,,,673.0,824.0,generation_agent_0,1013.0,191.0,generation_agent_1,74.0,191.0,898.0
861,,,674.0,824.0,generation_agent_2,1015.0,191.0,generation_agent_1,119.0,191.0,943.0
862,,,721.0,869.0,generation_agent_0,1013.0,191.0,generation_agent_1,67.0,191.0,936.0
863,,,722.0,869.0,generation_agent_2,1015.0,191.0,generation_agent_1,84.0,382.0,953.0
864,,,769.0,890.0,generation_agent_0,1013.0,191.0,generation_agent_1,53.0,191.0,943.0
865,,,817.0,895.0,generation_agent_0,1013.0,191.0,generation_agent_1,86.0,191.0,981.0
866,,,818.0,895.0,generation_agent_2,1015.0,191.0,generation_agent_1,96.0,191.0,991.0
867,,,865.0,946.0,generation_agent_0,1013.0,191.0,generation_agent_1,73.0,191.0,1019.0
868,,,866.0,946.0,generation_agent_2,1015.0,191.0,generation_agent_1,85.0,191.0,1031.0
869,,,913.0,973.0,generation_agent_0,1013.0,191.0,generation_agent_1,77.0,191.0,1050.0
870,,,914.0,973.0,generation_agent_2,1015.0,191.0,generation_agent_1,89.0,191.0,1062.0
871,,,961.0,1047.0,generation_agent_0,1013.0,191.0,generation_agent_1,39.0,191.0,1086.0
872,,,962.0,1047.0,generation_agent_2,1015.0,191.0,generation_agent_1,50.0,191.0,1097.0
873,,,1009.0,1090.0,generation_agent_0,1013.0,191.0,generation_agent_1,45.0,191.0,1135.0
874,,,1010.0,1090.0,generation_agent_2,1015.0,191.0,generation_agent_1,50.0,191.0,1140.0
875,,,1057.0,1181.0,generation_agent_0,1013.0,191.0,generation_agent_1,49.0,191.0,1230.0
876,,,1058.0,1181.0,generation_agent_2,1015.0,191.0,generation_agent_1,53.0,191.0,1234.0
877,,,51.0,184.0,generation_agent_0,1013.0,191.0,generation_agent_2,53.0,191.0,237.0
878,,,52.0,184.0,generation_agent_1,1014.0,191.0,generation_agent_2,64.0,191.0,248.0
879,,,53.0,184.0,generation_agent_3,1016.0,191.0,generation_agent_2,75.0,191.0,259.0
880,,,99.0,278.0,generation_agent_0,1013.0,191.0,generation_agent_2,51.0,191.0,329.0
881,,,100.0,278.0,generation_agent_1,1014.0,191.0,generation_agent_2,62.0,191.0,340.0
882,,,101.0,278.0,generation_agent_3,1016.0,191.0,generation_agent_2,73.0,191.0,351.0
883,,,147.0,345.0,generation_agent_0,1013.0,191.0,generation_agent_2,119.0,191.0,464.0
884,,,148.0,345.0,generation_agent_1,1014.0,191.0,generation_agent_2,84.0,382.0,429.0
885,,,149.0,345.0,generation_agent_3,1016.0,191.0,generation_agent_2,95.0,191.0,440.0
886,,,195.0,369.0,generation_agent_0,1013.0,191.0,generation_agent_2,95.0,191.0,464.0
887,,,197.0,369.0,generation_agent_3,1016.0,191.0,generation_agent_2,71.0,191.0,440.0
888,,,243.0,375.0,generation_agent_0,1013.0,191.0,generation_agent_2,134.0,191.0,509.0
889,,,244.0,375.0,generation_agent_1,1014.0,191.0,generation_agent_2,105.0,191.0,480.0
890,,,245.0,375.0,generation_agent_3,1016.0,191.0,generation_agent_2,122.0,191.0,497.0
891,,,291.0,466.0,generation_agent_0,1013.0,191.0,generation_agent_2,75.0,191.0,541.0
892,,,292.0,466.0,generation_agent_1,1014.0,191.0,generation_agent_2,91.0,191.0,557.0
893,,,293.0,466.0,generation_agent_3,1016.0,191.0,generation_agent_2,97.0,191.0,563.0
894,,,339.0,493.0,generation_agent_0,1013.0,191.0,generation_agent_2,88.0,191.0,581.0
895,,,340.0,493.0,generation_agent_1,1014.0,191.0,generation_agent_2,99.0,191.0,592.0
896,,,341.0,493.0,generation_agent_3,1016.0,191.0,generation_agent_2,116.0,191.0,609.0
897,,,387.0,525.0,generation_agent_0,1013.0,191.0,generation_agent_2,62.0,191.0,587.0
898,,,388.0,525.0,generation_agent_1,1014.0,191.0,generation_agent_2,97.0,191.0,622.0
899,,,389.0,525.0,generation_agent_3,1016.0,191.0,generation_agent_2,113.0,191.0,638.0
900,,,435.0,618.0,generation_agent_0,1013.0,191.0,generation_agent_2,53.0,191.0,671.0
901,,,436.0,618.0,generation_agent_1,1014.0,191.0,generation_agent_2,64.0,191.0,682.0
902,,,437.0,618.0,generation_agent_3,1016.0,191.0,generation_agent_2,75.0,191.0,693.0
903,,,483.0,655.0,generation_agent_0,1013.0,191.0,generation_agent_2,83.0,191.0,738.0
904,,,484.0,655.0,generation_agent_1,1014.0,191.0,generation_agent_2,94.0,191.0,749.0
905,,,485.0,655.0,generation_agent_3,1016.0,191.0,generation_agent_2,105.0,191.0,760.0
906,,,531.0,686.0,generation_agent_0,1013.0,191.0,generation_agent_2,88.0,191.0,774.0
907,,,532.0,686.0,generation_agent_1,1014.0,191.0,generation_agent_2,110.0,191.0,796.0
908,,,533.0,686.0,generation_agent_3,1016.0,191.0,generation_agent_2,121.0,191.0,807.0
909,,,579.0,739.0,generation_agent_0,1013.0,191.0,generation_agent_2,46.0,191.0,785.0
910,,,580.0,739.0,generation_agent_1,1014.0,191.0,generation_agent_2,57.0,191.0,796.0
911,,,581.0,739.0,generation_agent_3,1016.0,191.0,generation_agent_2,68.0,191.0,807.0
912,,,627.0,800.0,generation_agent_0,1013.0,191.0,generation_agent_2,67.0,191.0,867.0
913,,,628.0,800.0,generation_agent_1,1014.0,191.0,generation_agent_2,78.0,191.0,878.0
914,,,629.0,800.0,generation_agent_3,1016.0,191.0,generation_agent_2,89.0,191.0,889.0
915,,,675.0,824.0,generation_agent_0,1013.0,191.0,generation_agent_2,76.0,191.0,900.0
916,,,676.0,824.0,generation_agent_1,1014.0,191.0,generation_agent_2,98.0,191.0,922.0
917,,,677.0,824.0,generation_agent_3,1016.0,191.0,generation_agent_2,109.0,191.0,933.0
918,,,723.0,869.0,generation_agent_0,1013.0,191.0,generation_agent_2,78.0,191.0,947.0
919,,,724.0,869.0,generation_agent_1,1014.0,191.0,generation_agent_2,96.0,191.0,965.0
920,,,725.0,869.0,generation_agent_3,1016.0,191.0,generation_agent_2,108.0,382.0,977.0
921,,,771.0,890.0,generation_agent_0,1013.0,191.0,generation_agent_2,57.0,191.0,947.0
922,,,772.0,890.0,generation_agent_1,1014.0,191.0,generation_agent_2,113.0,382.0,1003.0
923,,,819.0,895.0,generation_agent_0,1013.0,191.0,generation_agent_2,98.0,191.0,993.0
924,,,821.0,895.0,generation_agent_3,1016.0,191.0,generation_agent_2,135.0,191.0,1030.0
925,,,867.0,946.0,generation_agent_0,1013.0,191.0,generation_agent_2,68.0,191.0,1014.0
926,,,868.0,946.0,generation_agent_1,1014.0,191.0,generation_agent_2,79.0,191.0,1025.0
927,,,869.0,946.0,generation_agent_3,1016.0,191.0,generation_agent_2,96.0,191.0,1042.0
928,,,915.0,973.0,generation_agent_0,1013.0,191.0,generation_agent_2,87.0,191.0,1060.0
929,,,916.0,973.0,generation_agent_1,1014.0,191.0,generation_agent_2,93.0,191.0,1066.0
930,,,917.0,973.0,generation_agent_3,1016.0,191.0,generation_agent_2,137.0,191.0,1110.0
931,,,963.0,1047.0,generation_agent_0,1013.0,191.0,generation_agent_2,52.0,191.0,1099.0
932,,,964.0,1047.0,generation_agent_1,1014.0,191.0,generation_agent_2,102.0,191.0,1149.0
933,,,965.0,1047.0,generation_agent_3,1016.0,191.0,generation_agent_2,74.0,191.0,1121.0
934,,,1011.0,1090.0,generation_agent_0,1013.0,191.0,generation_agent_2,52.0,191.0,1142.0
935,,,1012.0,1090.0,generation_agent_1,1014.0,191.0,generation_agent_2,92.0,191.0,1182.0
936,,,1013.0,1090.0,generation_agent_3,1016.0,191.0,generation_agent_2,69.0,191.0,1159.0
937,,,1059.0,1181.0,generation_agent_0,1013.0,191.0,generation_agent_2,54.0,191.0,1235.0
938,,,1060.0,1181.0,generation_agent_1,1014.0,191.0,generation_agent_2,65.0,191.0,1246.0
939,,,1061.0,1181.0,generation_agent_3,1016.0,191.0,generation_agent_2,77.0,191.0,1258.0
940,,,44.0,184.0,generation_agent_2,1015.0,191.0,generation_agent_3,58.0,191.0,242.0
941,,,45.0,184.0,household_agent_0,1000.0,191.0,generation_agent_3,47.0,191.0,231.0
942,,,46.0,184.0,household_agent_7,1007.0,191.0,generation_agent_3,69.0,191.0,253.0
943,,,92.0,278.0,generation_agent_2,1015.0,191.0,generation_agent_3,85.0,191.0,363.0
944,,,93.0,278.0,household_agent_0,1000.0,191.0,generation_agent_3,48.0,191.0,326.0
945,,,94.0,278.0,household_agent_7,1007.0,191.0,generation_agent_3,60.0,191.0,338.0
946,,,140.0,345.0,generation_agent_2,1015.0,191.0,generation_agent_3,91.0,191.0,436.0
947,,,141.0,345.0,household_agent_0,1000.0,191.0,generation_agent_3,74.0,191.0,419.0
948,,,142.0,345.0,household_agent_7,1007.0,191.0,generation_agent_3,121.0,382.0,466.0
949,,,188.0,369.0,generation_agent_2,1015.0,191.0,generation_agent_3,136.0,382.0,505.0
950,,,189.0,369.0,household_agent_0,1000.0,191.0,generation_agent_3,57.0,191.0,426.0
951,,,237.0,375.0,household_agent_0,1000.0,191.0,generation_agent_3,85.0,191.0,460.0
952,,,238.0,375.0,household_agent_7,1007.0,191.0,generation_agent_3,163.0,191.0,538.0
953,,,284.0,466.0,generation_agent_2,1015.0,191.0,generation_agent_3,90.0,191.0,556.0
954,,,285.0,466.0,household_agent_0,1000.0,191.0,generation_agent_3,61.0,191.0,527.0
955,,,286.0,466.0,household_agent_7,1007.0,191.0,generation_agent_3,139.0,191.0,605.0
956,,,332.0,493.0,generation_agent_2,1015.0,191.0,generation_agent_3,82.0,191.0,575.0
957,,,333.0,493.0,household_agent_0,1000.0,191.0,generation_agent_3,93.0,191.0,586.0
958,,,334.0,493.0,household_agent_7,1007.0,191.0,generation_agent_3,150.0,191.0,643.0
959,,,380.0,525.0,generation_agent_2,1015.0,191.0,generation_agent_3,102.0,191.0,627.0
960,,,381.0,525.0,household_agent_0,1000.0,191.0,generation_agent_3,108.0,191.0,633.0
961,,,382.0,525.0,household_agent_7,1007.0,191.0,generation_agent_3,173.0,191.0,698.0
962,,,428.0,618.0,generation_agent_2,1015.0,191.0,generation_agent_3,91.0,191.0,709.0
963,,,429.0,618.0,household_agent_0,1000.0,191.0,generation_agent_3,54.0,191.0,672.0
964,,,430.0,618.0,household_agent_7,1007.0,191.0,generation_agent_3,124.0,191.0,742.0
965,,,476.0,655.0,generation_agent_2,1015.0,191.0,generation_agent_3,65.0,191.0,720.0
966,,,477.0,655.0,household_agent_0,1000.0,191.0,generation_agent_3,76.0,191.0,731.0
967,,,478.0,655.0,household_agent_7,1007.0,191.0,generation_agent_3,143.0,191.0,798.0
968,,,524.0,686.0,generation_agent_2,1015.0,191.0,generation_agent_3,90.0,191.0,776.0
969,,,525.0,686.0,household_agent_0,1000.0,191.0,generation_agent_3,96.0,191.0,782.0
970,,,526.0,686.0,household_agent_7,1007.0,191.0,generation_agent_3,129.0,191.0,815.0
971,,,572.0,739.0,generation_agent_2,1015.0,191.0,generation_agent_3,115.0,191.0,854.0
972,,,573.0,739.0,household_agent_0,1000.0,191.0,generation_agent_3,54.0,191.0,793.0
973,,,574.0,739.0,household_agent_7,1007.0,191.0,generation_agent_3,126.0,191.0,865.0
974,,,620.0,800.0,generation_agent_2,1015.0,191.0,generation_agent_3,78.0,191.0,878.0
975,,,621.0,800.0,household_agent_0,1000.0,191.0,generation_agent_3,44.0,191.0,844.0
976,,,622.0,800.0,household_agent_7,1007.0,191.0,generation_agent_3,124.0,191.0,924.0
977,,,668.0,824.0,generation_agent_2,1015.0,191.0,generation_agent_3,89.0,191.0,913.0
978,,,669.0,824.0,household_agent_0,1000.0,191.0,generation_agent_3,63.0,191.0,887.0
979,,,670.0,824.0,household_agent_7,1007.0,191.0,generation_agent_3,138.0,191.0,962.0
980,,,716.0,869.0,generation_agent_2,1015.0,191.0,generation_agent_3,82.0,191.0,951.0
981,,,717.0,869.0,household_agent_0,1000.0,191.0,generation_agent_3,88.0,191.0,957.0
982,,,718.0,869.0,household_agent_7,1007.0,191.0,generation_agent_3,146.0,191.0,1015.0
983,,,764.0,890.0,generation_agent_2,1015.0,191.0,generation_agent_3,104.0,382.0,994.0
984,,,765.0,890.0,household_agent_0,1000.0,191.0,generation_agent_3,110.0,382.0,1000.0
985,,,766.0,890.0,household_agent_7,1007.0,191.0,generation_agent_3,162.0,382.0,1052.0
986,,,860.0,946.0,generation_agent_2,1015.0,191.0,generation_agent_3,97.0,191.0,1043.0
987,,,861.0,946.0,household_agent_0,1000.0,191.0,generation_agent_3,64.0,191.0,1010.0
988,,,862.0,946.0,household_agent_7,1007.0,191.0,generation_agent_3,106.0,191.0,1052.0
989,,,908.0,973.0,generation_agent_2,1015.0,191.0,generation_agent_3,114.0,191.0,1087.0
990,,,909.0,973.0,household_agent_0,1000.0,191.0,generation_agent_3,73.0,191.0,1046.0
991,,,910.0,973.0,household_agent_7,1007.0,191.0,generation_agent_3,136.0,191.0,1109.0
992,,,956.0,1047.0,generation_agent_2,1015.0,191.0,generation_agent_3,90.0,191.0,1137.0
993,,,957.0,1047.0,household_agent_0,1000.0,191.0,generation_agent_3,51.0,191.0,1098.0
994,,,958.0,1047.0,household_agent_7,1007.0,191.0,generation_agent_3,62.0,191.0,1109.0
995,,,1004.0,1090.0,generation_agent_2,1015.0,191.0,generation_agent_3,85.0,191.0,1175.0
996,,,1005.0,1090.0,household_agent_0,1000.0,191.0,generation_agent_3,59.0,191.0,1149.0
997,,,1006.0,1090.0,household_agent_7,1007.0,191.0,generation_agent_3,96.0,191.0,1186.0
998,,,1052.0,1181.0,generation_agent_2,1015.0,191.0,generation_agent_3,55.0,191.0,1236.0
999,,,1053.0,1181.0,household_agent_0,1000.0,191.0,generation_agent_3,61.0,191.0,1242.0
1000,,,1054.0,1181.0,household_agent_7,1007.0,191.0,generation_agent_3,73.0,191.0,1254.0
