,Parameter,Value,msgId,timeSend_ms,receiver,packetSize_B_x,sender,calculationStart_ms,delay_ms,packetSize_B_y,receivingTime_ms
0,Start simulation,2024-09-17 17:49:47.951745,,,,,,,,,
1,Simulation configuration ID,a737754e-f9cd-4ab4-a40c-f68a3e15e7b3,,,,,,,,,
2,Network,SimbenchNetwork_Ethernet_1-LV-rural1--0-no_sw,,,,,,,,,
3,Communication graph,Complete Overlay Topology with 25 agents,,,,,,,,,
4,Agent communication pattern,MarketParticipation,,,,,,,,,
5,Trigger Type,TIME_TRIGGERED,,,,,,,,,
6,Data size generator,"In interval data size generator with lower bound = 50 B,upper bound = 200 B",,,,,,,,,
7,Frequency,0,,,,,,,,,
8,Simulation duration,3600000,,,,,,,,,
9,Communication mode,COMPLEX,,,,,,,,,
10,System State,SystemState.NORMAL,,,,,,,,,
11,Organizational structure,HIERARCHICAL,,,,,,,,,
0,,,0.0,89.0,aggregator_agent,81.0,market_agent,0.0,0.0,81.0,89.0
1,,,104.0,300476.0,aggregator_agent,191.0,market_agent,0.0,0.0,191.0,300476.0
2,,,208.0,600936.0,aggregator_agent,64.0,market_agent,0.0,0.0,64.0,600936.0
3,,,312.0,901453.0,aggregator_agent,66.0,market_agent,0.0,0.0,66.0,901453.0
4,,,416.0,1201877.0,aggregator_agent,154.0,market_agent,0.0,0.0,154.0,1201877.0
5,,,520.0,1502243.0,aggregator_agent,147.0,market_agent,0.0,0.0,147.0,1502243.0
6,,,624.0,1802635.0,aggregator_agent,153.0,market_agent,0.0,0.0,153.0,1802635.0
7,,,728.0,2103238.0,aggregator_agent,59.0,market_agent,0.0,0.0,59.0,2103238.0
8,,,832.0,2403663.0,aggregator_agent,100.0,market_agent,0.0,0.0,100.0,2403663.0
9,,,936.0,2704105.0,aggregator_agent,83.0,market_agent,0.0,0.0,83.0,2704105.0
10,,,1040.0,3004532.0,aggregator_agent,140.0,market_agent,0.0,0.0,140.0,3004532.0
11,,,1144.0,3304928.0,aggregator_agent,136.0,market_agent,0.0,0.0,136.0,3304928.0
12,,,1.0,207.0,household_agent_0,142.0,aggregator_agent,0.0,1.0,142.0,208.0
13,,,2.0,207.0,household_agent_1,179.0,aggregator_agent,0.0,2.0,179.0,209.0
14,,,3.0,207.0,household_agent_2,194.0,aggregator_agent,0.0,1.0,194.0,208.0
15,,,4.0,207.0,household_agent_3,159.0,aggregator_agent,0.0,2.0,159.0,209.0
16,,,5.0,207.0,household_agent_4,181.0,aggregator_agent,0.0,2.0,181.0,209.0
17,,,6.0,207.0,household_agent_5,98.0,aggregator_agent,0.0,1.0,98.0,208.0
18,,,7.0,207.0,household_agent_6,175.0,aggregator_agent,0.0,1.0,175.0,208.0
19,,,8.0,207.0,household_agent_7,154.0,aggregator_agent,0.0,2.0,154.0,209.0
20,,,9.0,207.0,household_agent_8,149.0,aggregator_agent,0.0,3.0,149.0,210.0
21,,,10.0,207.0,household_agent_9,102.0,aggregator_agent,0.0,3.0,102.0,210.0
22,,,11.0,207.0,household_agent_10,171.0,aggregator_agent,0.0,3.0,171.0,210.0
23,,,12.0,207.0,household_agent_11,118.0,aggregator_agent,0.0,3.0,118.0,210.0
24,,,13.0,207.0,household_agent_12,182.0,aggregator_agent,0.0,2.0,182.0,209.0
25,,,14.0,207.0,generation_agent_0,151.0,aggregator_agent,0.0,3.0,151.0,210.0
26,,,15.0,207.0,generation_agent_1,52.0,aggregator_agent,0.0,3.0,52.0,210.0
27,,,16.0,207.0,generation_agent_2,143.0,aggregator_agent,0.0,4.0,143.0,211.0
28,,,17.0,207.0,generation_agent_3,107.0,aggregator_agent,0.0,4.0,107.0,211.0
29,,,18.0,236.0,household_agent_0,188.0,aggregator_agent,0.0,1.0,188.0,237.0
30,,,19.0,236.0,household_agent_1,172.0,aggregator_agent,0.0,1.0,172.0,237.0
31,,,20.0,236.0,household_agent_2,117.0,aggregator_agent,0.0,0.0,117.0,236.0
32,,,21.0,236.0,household_agent_3,195.0,aggregator_agent,0.0,2.0,195.0,238.0
33,,,22.0,236.0,household_agent_4,177.0,aggregator_agent,0.0,2.0,177.0,238.0
34,,,23.0,236.0,household_agent_5,110.0,aggregator_agent,0.0,1.0,110.0,237.0
35,,,24.0,236.0,household_agent_6,69.0,aggregator_agent,0.0,1.0,69.0,237.0
36,,,25.0,236.0,household_agent_7,86.0,aggregator_agent,0.0,2.0,86.0,238.0
37,,,26.0,236.0,household_agent_8,106.0,aggregator_agent,0.0,2.0,106.0,238.0
38,,,27.0,236.0,household_agent_9,84.0,aggregator_agent,0.0,3.0,84.0,239.0
39,,,28.0,236.0,household_agent_10,173.0,aggregator_agent,0.0,3.0,173.0,239.0
40,,,29.0,236.0,household_agent_11,71.0,aggregator_agent,0.0,3.0,71.0,239.0
41,,,30.0,236.0,household_agent_12,167.0,aggregator_agent,0.0,2.0,167.0,238.0
42,,,31.0,236.0,generation_agent_0,57.0,aggregator_agent,0.0,3.0,57.0,239.0
43,,,32.0,236.0,generation_agent_1,114.0,aggregator_agent,0.0,3.0,114.0,239.0
44,,,33.0,236.0,generation_agent_2,129.0,aggregator_agent,0.0,3.0,129.0,239.0
45,,,34.0,236.0,generation_agent_3,159.0,aggregator_agent,0.0,4.0,159.0,240.0
46,,,35.0,324.0,household_agent_0,144.0,aggregator_agent,0.0,1.0,144.0,325.0
47,,,36.0,324.0,household_agent_1,123.0,aggregator_agent,0.0,1.0,123.0,325.0
48,,,37.0,324.0,household_agent_2,161.0,aggregator_agent,0.0,1.0,161.0,325.0
49,,,38.0,324.0,household_agent_3,184.0,aggregator_agent,0.0,2.0,184.0,326.0
50,,,39.0,324.0,household_agent_4,100.0,aggregator_agent,0.0,2.0,100.0,326.0
51,,,40.0,324.0,household_agent_5,139.0,aggregator_agent,0.0,1.0,139.0,325.0
52,,,41.0,324.0,household_agent_6,118.0,aggregator_agent,0.0,1.0,118.0,325.0
53,,,42.0,324.0,household_agent_7,190.0,aggregator_agent,0.0,2.0,190.0,326.0
54,,,43.0,324.0,household_agent_8,57.0,aggregator_agent,0.0,2.0,57.0,326.0
55,,,44.0,324.0,household_agent_9,91.0,aggregator_agent,0.0,3.0,91.0,327.0
56,,,45.0,324.0,household_agent_10,52.0,aggregator_agent,0.0,3.0,52.0,327.0
57,,,46.0,324.0,household_agent_11,133.0,aggregator_agent,0.0,3.0,133.0,327.0
58,,,47.0,324.0,household_agent_12,191.0,aggregator_agent,0.0,2.0,191.0,326.0
59,,,48.0,324.0,generation_agent_0,75.0,aggregator_agent,0.0,3.0,75.0,327.0
60,,,49.0,324.0,generation_agent_1,131.0,aggregator_agent,0.0,3.0,131.0,327.0
61,,,50.0,324.0,generation_agent_2,163.0,aggregator_agent,0.0,4.0,163.0,328.0
62,,,51.0,324.0,generation_agent_3,62.0,aggregator_agent,0.0,4.0,62.0,328.0
63,,,52.0,377.0,household_agent_0,167.0,aggregator_agent,0.0,1.0,167.0,378.0
64,,,53.0,377.0,household_agent_1,102.0,aggregator_agent,0.0,1.0,102.0,378.0
65,,,54.0,377.0,household_agent_2,134.0,aggregator_agent,0.0,1.0,134.0,378.0
66,,,55.0,377.0,household_agent_3,131.0,aggregator_agent,0.0,2.0,131.0,379.0
67,,,56.0,377.0,household_agent_4,114.0,aggregator_agent,0.0,2.0,114.0,379.0
68,,,57.0,377.0,household_agent_5,165.0,aggregator_agent,0.0,1.0,165.0,378.0
69,,,58.0,377.0,household_agent_6,145.0,aggregator_agent,0.0,1.0,145.0,378.0
70,,,59.0,377.0,household_agent_7,136.0,aggregator_agent,0.0,2.0,136.0,379.0
71,,,60.0,377.0,household_agent_8,56.0,aggregator_agent,0.0,2.0,56.0,379.0
72,,,61.0,377.0,household_agent_9,189.0,aggregator_agent,0.0,3.0,189.0,380.0
73,,,62.0,377.0,household_agent_10,136.0,aggregator_agent,0.0,3.0,136.0,380.0
74,,,63.0,377.0,household_agent_11,144.0,aggregator_agent,0.0,3.0,144.0,380.0
75,,,64.0,377.0,household_agent_12,132.0,aggregator_agent,0.0,2.0,132.0,379.0
76,,,65.0,377.0,generation_agent_0,155.0,aggregator_agent,0.0,3.0,155.0,380.0
77,,,66.0,377.0,generation_agent_1,154.0,aggregator_agent,0.0,3.0,154.0,380.0
78,,,67.0,377.0,generation_agent_2,133.0,aggregator_agent,0.0,4.0,133.0,381.0
79,,,68.0,377.0,generation_agent_3,138.0,aggregator_agent,0.0,4.0,138.0,381.0
80,,,69.0,399.0,household_agent_0,144.0,aggregator_agent,0.0,1.0,144.0,400.0
81,,,70.0,399.0,household_agent_1,56.0,aggregator_agent,0.0,1.0,56.0,400.0
82,,,71.0,399.0,household_agent_2,57.0,aggregator_agent,0.0,0.0,57.0,399.0
83,,,72.0,399.0,household_agent_3,51.0,aggregator_agent,0.0,1.0,51.0,400.0
84,,,73.0,399.0,household_agent_4,78.0,aggregator_agent,0.0,2.0,78.0,401.0
85,,,74.0,399.0,household_agent_5,193.0,aggregator_agent,0.0,1.0,193.0,400.0
86,,,75.0,399.0,household_agent_6,199.0,aggregator_agent,0.0,1.0,199.0,400.0
87,,,76.0,399.0,household_agent_7,92.0,aggregator_agent,0.0,2.0,92.0,401.0
88,,,77.0,399.0,household_agent_8,148.0,aggregator_agent,0.0,2.0,148.0,401.0
89,,,78.0,399.0,household_agent_9,77.0,aggregator_agent,0.0,2.0,77.0,401.0
90,,,79.0,399.0,household_agent_10,180.0,aggregator_agent,0.0,3.0,180.0,402.0
91,,,80.0,399.0,household_agent_11,155.0,aggregator_agent,0.0,3.0,155.0,402.0
92,,,81.0,399.0,household_agent_12,135.0,aggregator_agent,0.0,2.0,135.0,401.0
93,,,82.0,399.0,generation_agent_0,117.0,aggregator_agent,0.0,3.0,117.0,402.0
94,,,83.0,399.0,generation_agent_1,180.0,aggregator_agent,0.0,3.0,180.0,402.0
95,,,84.0,399.0,generation_agent_2,115.0,aggregator_agent,0.0,3.0,115.0,402.0
96,,,85.0,399.0,generation_agent_3,184.0,aggregator_agent,0.0,4.0,184.0,403.0
97,,,86.0,457.0,household_agent_0,145.0,aggregator_agent,0.0,1.0,145.0,458.0
98,,,87.0,457.0,household_agent_1,149.0,aggregator_agent,0.0,1.0,149.0,458.0
99,,,88.0,457.0,household_agent_2,148.0,aggregator_agent,0.0,1.0,148.0,458.0
100,,,89.0,457.0,household_agent_3,126.0,aggregator_agent,0.0,2.0,126.0,459.0
101,,,90.0,457.0,household_agent_4,63.0,aggregator_agent,0.0,2.0,63.0,459.0
102,,,91.0,457.0,household_agent_5,68.0,aggregator_agent,0.0,1.0,68.0,458.0
103,,,92.0,457.0,household_agent_6,74.0,aggregator_agent,0.0,1.0,74.0,458.0
104,,,93.0,457.0,household_agent_7,186.0,aggregator_agent,0.0,2.0,186.0,459.0
105,,,94.0,457.0,household_agent_8,76.0,aggregator_agent,0.0,2.0,76.0,459.0
106,,,95.0,457.0,household_agent_9,83.0,aggregator_agent,0.0,2.0,83.0,459.0
107,,,96.0,457.0,household_agent_10,112.0,aggregator_agent,0.0,3.0,112.0,460.0
108,,,97.0,457.0,household_agent_11,92.0,aggregator_agent,0.0,3.0,92.0,460.0
109,,,98.0,457.0,household_agent_12,142.0,aggregator_agent,0.0,2.0,142.0,459.0
110,,,99.0,457.0,generation_agent_0,181.0,aggregator_agent,0.0,3.0,181.0,460.0
111,,,100.0,457.0,generation_agent_1,179.0,aggregator_agent,0.0,3.0,179.0,460.0
112,,,101.0,457.0,generation_agent_2,161.0,aggregator_agent,0.0,4.0,161.0,461.0
113,,,102.0,457.0,generation_agent_3,137.0,aggregator_agent,0.0,4.0,137.0,461.0
114,,,103.0,476.0,market_agent,52.0,aggregator_agent,0.0,0.0,52.0,476.0
115,,,105.0,300591.0,household_agent_0,71.0,aggregator_agent,0.0,1.0,71.0,300592.0
116,,,106.0,300591.0,household_agent_1,104.0,aggregator_agent,0.0,1.0,104.0,300592.0
117,,,107.0,300591.0,household_agent_2,140.0,aggregator_agent,0.0,1.0,140.0,300592.0
118,,,108.0,300591.0,household_agent_3,91.0,aggregator_agent,0.0,2.0,91.0,300593.0
119,,,109.0,300591.0,household_agent_4,67.0,aggregator_agent,0.0,2.0,67.0,300593.0
120,,,110.0,300591.0,household_agent_5,189.0,aggregator_agent,0.0,1.0,189.0,300592.0
121,,,111.0,300591.0,household_agent_6,66.0,aggregator_agent,0.0,1.0,66.0,300592.0
122,,,112.0,300591.0,household_agent_7,110.0,aggregator_agent,0.0,2.0,110.0,300593.0
123,,,113.0,300591.0,household_agent_8,157.0,aggregator_agent,0.0,2.0,157.0,300593.0
124,,,114.0,300591.0,household_agent_9,178.0,aggregator_agent,0.0,3.0,178.0,300594.0
125,,,115.0,300591.0,household_agent_10,94.0,aggregator_agent,0.0,3.0,94.0,300594.0
126,,,116.0,300591.0,household_agent_11,135.0,aggregator_agent,0.0,3.0,135.0,300594.0
127,,,117.0,300591.0,household_agent_12,156.0,aggregator_agent,0.0,2.0,156.0,300593.0
128,,,118.0,300591.0,generation_agent_0,112.0,aggregator_agent,0.0,3.0,112.0,300594.0
129,,,119.0,300591.0,generation_agent_1,79.0,aggregator_agent,0.0,3.0,79.0,300594.0
130,,,120.0,300591.0,generation_agent_2,179.0,aggregator_agent,0.0,3.0,179.0,300594.0
131,,,121.0,300591.0,generation_agent_3,163.0,aggregator_agent,0.0,4.0,163.0,300595.0
132,,,122.0,300634.0,household_agent_0,149.0,aggregator_agent,0.0,1.0,149.0,300635.0
133,,,123.0,300634.0,household_agent_1,103.0,aggregator_agent,0.0,1.0,103.0,300635.0
134,,,124.0,300634.0,household_agent_2,192.0,aggregator_agent,0.0,1.0,192.0,300635.0
135,,,125.0,300634.0,household_agent_3,168.0,aggregator_agent,0.0,2.0,168.0,300636.0
136,,,126.0,300634.0,household_agent_4,109.0,aggregator_agent,0.0,2.0,109.0,300636.0
137,,,127.0,300634.0,household_agent_5,96.0,aggregator_agent,0.0,1.0,96.0,300635.0
138,,,128.0,300634.0,household_agent_6,192.0,aggregator_agent,0.0,1.0,192.0,300635.0
139,,,129.0,300634.0,household_agent_7,128.0,aggregator_agent,0.0,2.0,128.0,300636.0
140,,,130.0,300634.0,household_agent_8,95.0,aggregator_agent,0.0,2.0,95.0,300636.0
141,,,131.0,300634.0,household_agent_9,187.0,aggregator_agent,0.0,3.0,187.0,300637.0
142,,,132.0,300634.0,household_agent_10,51.0,aggregator_agent,0.0,3.0,51.0,300637.0
143,,,133.0,300634.0,household_agent_11,95.0,aggregator_agent,0.0,3.0,95.0,300637.0
144,,,134.0,300634.0,household_agent_12,81.0,aggregator_agent,0.0,2.0,81.0,300636.0
145,,,135.0,300634.0,generation_agent_0,137.0,aggregator_agent,0.0,3.0,137.0,300637.0
146,,,136.0,300634.0,generation_agent_1,165.0,aggregator_agent,0.0,3.0,165.0,300637.0
147,,,137.0,300634.0,generation_agent_2,138.0,aggregator_agent,0.0,4.0,138.0,300638.0
148,,,138.0,300634.0,generation_agent_3,79.0,aggregator_agent,0.0,4.0,79.0,300638.0
149,,,139.0,300654.0,household_agent_0,117.0,aggregator_agent,0.0,1.0,117.0,300655.0
150,,,140.0,300654.0,household_agent_1,93.0,aggregator_agent,0.0,1.0,93.0,300655.0
151,,,141.0,300654.0,household_agent_2,121.0,aggregator_agent,0.0,1.0,121.0,300655.0
152,,,142.0,300654.0,household_agent_3,138.0,aggregator_agent,0.0,2.0,138.0,300656.0
153,,,143.0,300654.0,household_agent_4,52.0,aggregator_agent,0.0,2.0,52.0,300656.0
154,,,144.0,300654.0,household_agent_5,152.0,aggregator_agent,0.0,1.0,152.0,300655.0
155,,,145.0,300654.0,household_agent_6,142.0,aggregator_agent,0.0,1.0,142.0,300655.0
156,,,146.0,300654.0,household_agent_7,147.0,aggregator_agent,0.0,2.0,147.0,300656.0
157,,,147.0,300654.0,household_agent_8,50.0,aggregator_agent,0.0,2.0,50.0,300656.0
158,,,148.0,300654.0,household_agent_9,194.0,aggregator_agent,0.0,3.0,194.0,300657.0
159,,,149.0,300654.0,household_agent_10,148.0,aggregator_agent,0.0,3.0,148.0,300657.0
160,,,150.0,300654.0,household_agent_11,92.0,aggregator_agent,0.0,3.0,92.0,300657.0
161,,,151.0,300654.0,household_agent_12,63.0,aggregator_agent,0.0,2.0,63.0,300656.0
162,,,152.0,300654.0,generation_agent_0,74.0,aggregator_agent,0.0,3.0,74.0,300657.0
163,,,153.0,300654.0,generation_agent_1,73.0,aggregator_agent,0.0,3.0,73.0,300657.0
164,,,154.0,300654.0,generation_agent_2,191.0,aggregator_agent,0.0,3.0,191.0,300657.0
165,,,155.0,300654.0,generation_agent_3,116.0,aggregator_agent,0.0,3.0,116.0,300657.0
166,,,156.0,300713.0,household_agent_0,117.0,aggregator_agent,0.0,1.0,117.0,300714.0
167,,,157.0,300713.0,household_agent_1,52.0,aggregator_agent,0.0,1.0,52.0,300714.0
168,,,158.0,300713.0,household_agent_2,141.0,aggregator_agent,0.0,1.0,141.0,300714.0
169,,,159.0,300713.0,household_agent_3,58.0,aggregator_agent,0.0,1.0,58.0,300714.0
170,,,160.0,300713.0,household_agent_4,120.0,aggregator_agent,0.0,2.0,120.0,300715.0
171,,,161.0,300713.0,household_agent_5,194.0,aggregator_agent,0.0,1.0,194.0,300714.0
172,,,162.0,300713.0,household_agent_6,166.0,aggregator_agent,0.0,1.0,166.0,300714.0
173,,,163.0,300713.0,household_agent_7,96.0,aggregator_agent,0.0,2.0,96.0,300715.0
174,,,164.0,300713.0,household_agent_8,97.0,aggregator_agent,0.0,2.0,97.0,300715.0
175,,,165.0,300713.0,household_agent_9,80.0,aggregator_agent,0.0,2.0,80.0,300715.0
176,,,166.0,300713.0,household_agent_10,141.0,aggregator_agent,0.0,3.0,141.0,300716.0
177,,,167.0,300713.0,household_agent_11,133.0,aggregator_agent,0.0,3.0,133.0,300716.0
178,,,168.0,300713.0,household_agent_12,189.0,aggregator_agent,0.0,2.0,189.0,300715.0
179,,,169.0,300713.0,generation_agent_0,102.0,aggregator_agent,0.0,3.0,102.0,300716.0
180,,,170.0,300713.0,generation_agent_1,189.0,aggregator_agent,0.0,3.0,189.0,300716.0
181,,,171.0,300713.0,generation_agent_2,72.0,aggregator_agent,0.0,3.0,72.0,300716.0
182,,,172.0,300713.0,generation_agent_3,82.0,aggregator_agent,0.0,3.0,82.0,300716.0
183,,,173.0,300760.0,household_agent_0,153.0,aggregator_agent,0.0,1.0,153.0,300761.0
184,,,174.0,300760.0,household_agent_1,112.0,aggregator_agent,0.0,1.0,112.0,300761.0
185,,,175.0,300760.0,household_agent_2,187.0,aggregator_agent,0.0,1.0,187.0,300761.0
186,,,176.0,300760.0,household_agent_3,174.0,aggregator_agent,0.0,2.0,174.0,300762.0
187,,,177.0,300760.0,household_agent_4,162.0,aggregator_agent,0.0,2.0,162.0,300762.0
188,,,178.0,300760.0,household_agent_5,176.0,aggregator_agent,0.0,1.0,176.0,300761.0
189,,,179.0,300760.0,household_agent_6,155.0,aggregator_agent,0.0,1.0,155.0,300761.0
190,,,180.0,300760.0,household_agent_7,180.0,aggregator_agent,0.0,2.0,180.0,300762.0
191,,,181.0,300760.0,household_agent_8,195.0,aggregator_agent,0.0,3.0,195.0,300763.0
192,,,182.0,300760.0,household_agent_9,120.0,aggregator_agent,0.0,3.0,120.0,300763.0
193,,,183.0,300760.0,household_agent_10,136.0,aggregator_agent,0.0,3.0,136.0,300763.0
194,,,184.0,300760.0,household_agent_11,151.0,aggregator_agent,0.0,3.0,151.0,300763.0
195,,,185.0,300760.0,household_agent_12,130.0,aggregator_agent,0.0,2.0,130.0,300762.0
196,,,186.0,300760.0,generation_agent_0,150.0,aggregator_agent,0.0,4.0,150.0,300764.0
197,,,187.0,300760.0,generation_agent_1,179.0,aggregator_agent,0.0,4.0,179.0,300764.0
198,,,188.0,300760.0,generation_agent_2,71.0,aggregator_agent,0.0,4.0,71.0,300764.0
199,,,189.0,300760.0,generation_agent_3,116.0,aggregator_agent,0.0,4.0,116.0,300764.0
200,,,190.0,300849.0,household_agent_0,52.0,aggregator_agent,0.0,1.0,52.0,300850.0
201,,,191.0,300849.0,household_agent_1,71.0,aggregator_agent,0.0,1.0,71.0,300850.0
202,,,192.0,300849.0,household_agent_2,61.0,aggregator_agent,0.0,0.0,61.0,300849.0
203,,,193.0,300849.0,household_agent_3,149.0,aggregator_agent,0.0,2.0,149.0,300851.0
204,,,194.0,300849.0,household_agent_4,72.0,aggregator_agent,0.0,2.0,72.0,300851.0
205,,,195.0,300849.0,household_agent_5,160.0,aggregator_agent,0.0,1.0,160.0,300850.0
206,,,196.0,300849.0,household_agent_6,74.0,aggregator_agent,0.0,1.0,74.0,300850.0
207,,,197.0,300849.0,household_agent_7,107.0,aggregator_agent,0.0,2.0,107.0,300851.0
208,,,198.0,300849.0,household_agent_8,133.0,aggregator_agent,0.0,2.0,133.0,300851.0
209,,,199.0,300849.0,household_agent_9,99.0,aggregator_agent,0.0,2.0,99.0,300851.0
210,,,200.0,300849.0,household_agent_10,122.0,aggregator_agent,0.0,2.0,122.0,300851.0
211,,,201.0,300849.0,household_agent_11,189.0,aggregator_agent,0.0,3.0,189.0,300852.0
212,,,202.0,300849.0,household_agent_12,111.0,aggregator_agent,0.0,2.0,111.0,300851.0
213,,,203.0,300849.0,generation_agent_0,192.0,aggregator_agent,0.0,3.0,192.0,300852.0
214,,,204.0,300849.0,generation_agent_1,164.0,aggregator_agent,0.0,3.0,164.0,300852.0
215,,,205.0,300849.0,generation_agent_2,54.0,aggregator_agent,0.0,3.0,54.0,300852.0
216,,,206.0,300849.0,generation_agent_3,163.0,aggregator_agent,0.0,4.0,163.0,300853.0
217,,,207.0,300936.0,market_agent,59.0,aggregator_agent,0.0,0.0,59.0,300936.0
218,,,209.0,601019.0,household_agent_0,150.0,aggregator_agent,0.0,1.0,150.0,601020.0
219,,,210.0,601019.0,household_agent_1,195.0,aggregator_agent,0.0,2.0,195.0,601021.0
220,,,211.0,601019.0,household_agent_2,161.0,aggregator_agent,0.0,1.0,161.0,601020.0
221,,,212.0,601019.0,household_agent_3,115.0,aggregator_agent,0.0,2.0,115.0,601021.0
222,,,213.0,601019.0,household_agent_4,98.0,aggregator_agent,0.0,2.0,98.0,601021.0
223,,,214.0,601019.0,household_agent_5,170.0,aggregator_agent,0.0,1.0,170.0,601020.0
224,,,215.0,601019.0,household_agent_6,141.0,aggregator_agent,0.0,1.0,141.0,601020.0
225,,,216.0,601019.0,household_agent_7,171.0,aggregator_agent,0.0,2.0,171.0,601021.0
226,,,217.0,601019.0,household_agent_8,198.0,aggregator_agent,0.0,3.0,198.0,601022.0
227,,,218.0,601019.0,household_agent_9,157.0,aggregator_agent,0.0,3.0,157.0,601022.0
228,,,219.0,601019.0,household_agent_10,68.0,aggregator_agent,0.0,3.0,68.0,601022.0
229,,,220.0,601019.0,household_agent_11,163.0,aggregator_agent,0.0,3.0,163.0,601022.0
230,,,221.0,601019.0,household_agent_12,178.0,aggregator_agent,0.0,2.0,178.0,601021.0
231,,,222.0,601019.0,generation_agent_0,66.0,aggregator_agent,0.0,3.0,66.0,601022.0
232,,,223.0,601019.0,generation_agent_1,73.0,aggregator_agent,0.0,3.0,73.0,601022.0
233,,,224.0,601019.0,generation_agent_2,177.0,aggregator_agent,0.0,4.0,177.0,601023.0
234,,,225.0,601019.0,generation_agent_3,66.0,aggregator_agent,0.0,4.0,66.0,601023.0
235,,,226.0,601104.0,household_agent_0,125.0,aggregator_agent,0.0,1.0,125.0,601105.0
236,,,227.0,601104.0,household_agent_1,97.0,aggregator_agent,0.0,1.0,97.0,601105.0
237,,,228.0,601104.0,household_agent_2,171.0,aggregator_agent,0.0,1.0,171.0,601105.0
238,,,229.0,601104.0,household_agent_3,173.0,aggregator_agent,0.0,2.0,173.0,601106.0
239,,,230.0,601104.0,household_agent_4,146.0,aggregator_agent,0.0,2.0,146.0,601106.0
240,,,231.0,601104.0,household_agent_5,159.0,aggregator_agent,0.0,1.0,159.0,601105.0
241,,,232.0,601104.0,household_agent_6,65.0,aggregator_agent,0.0,1.0,65.0,601105.0
242,,,233.0,601104.0,household_agent_7,67.0,aggregator_agent,0.0,2.0,67.0,601106.0
243,,,234.0,601104.0,household_agent_8,63.0,aggregator_agent,0.0,2.0,63.0,601106.0
244,,,235.0,601104.0,household_agent_9,62.0,aggregator_agent,0.0,2.0,62.0,601106.0
245,,,236.0,601104.0,household_agent_10,88.0,aggregator_agent,0.0,3.0,88.0,601107.0
246,,,237.0,601104.0,household_agent_11,164.0,aggregator_agent,0.0,3.0,164.0,601107.0
247,,,238.0,601104.0,household_agent_12,136.0,aggregator_agent,0.0,2.0,136.0,601106.0
248,,,239.0,601104.0,generation_agent_0,179.0,aggregator_agent,0.0,3.0,179.0,601107.0
249,,,240.0,601104.0,generation_agent_1,118.0,aggregator_agent,0.0,3.0,118.0,601107.0
250,,,241.0,601104.0,generation_agent_2,185.0,aggregator_agent,0.0,4.0,185.0,601108.0
251,,,242.0,601104.0,generation_agent_3,71.0,aggregator_agent,0.0,4.0,71.0,601108.0
252,,,243.0,601177.0,household_agent_0,186.0,aggregator_agent,0.0,1.0,186.0,601178.0
253,,,244.0,601177.0,household_agent_1,118.0,aggregator_agent,0.0,1.0,118.0,601178.0
254,,,245.0,601177.0,household_agent_2,167.0,aggregator_agent,0.0,1.0,167.0,601178.0
255,,,246.0,601177.0,household_agent_3,159.0,aggregator_agent,0.0,2.0,159.0,601179.0
256,,,247.0,601177.0,household_agent_4,103.0,aggregator_agent,0.0,2.0,103.0,601179.0
257,,,248.0,601177.0,household_agent_5,156.0,aggregator_agent,0.0,1.0,156.0,601178.0
258,,,249.0,601177.0,household_agent_6,130.0,aggregator_agent,0.0,1.0,130.0,601178.0
259,,,250.0,601177.0,household_agent_7,123.0,aggregator_agent,0.0,2.0,123.0,601179.0
260,,,251.0,601177.0,household_agent_8,128.0,aggregator_agent,0.0,2.0,128.0,601179.0
261,,,252.0,601177.0,household_agent_9,162.0,aggregator_agent,0.0,3.0,162.0,601180.0
262,,,253.0,601177.0,household_agent_10,127.0,aggregator_agent,0.0,3.0,127.0,601180.0
263,,,254.0,601177.0,household_agent_11,84.0,aggregator_agent,0.0,3.0,84.0,601180.0
264,,,255.0,601177.0,household_agent_12,78.0,aggregator_agent,0.0,2.0,78.0,601179.0
265,,,256.0,601177.0,generation_agent_0,109.0,aggregator_agent,0.0,3.0,109.0,601180.0
266,,,257.0,601177.0,generation_agent_1,65.0,aggregator_agent,0.0,3.0,65.0,601180.0
267,,,258.0,601177.0,generation_agent_2,200.0,aggregator_agent,0.0,4.0,200.0,601181.0
268,,,259.0,601177.0,generation_agent_3,73.0,aggregator_agent,0.0,4.0,73.0,601181.0
269,,,260.0,601237.0,household_agent_0,60.0,aggregator_agent,0.0,1.0,60.0,601238.0
270,,,261.0,601237.0,household_agent_1,157.0,aggregator_agent,0.0,1.0,157.0,601238.0
271,,,262.0,601237.0,household_agent_2,131.0,aggregator_agent,0.0,1.0,131.0,601238.0
272,,,263.0,601237.0,household_agent_3,70.0,aggregator_agent,0.0,1.0,70.0,601238.0
273,,,264.0,601237.0,household_agent_4,123.0,aggregator_agent,0.0,2.0,123.0,601239.0
274,,,265.0,601237.0,household_agent_5,181.0,aggregator_agent,0.0,1.0,181.0,601238.0
275,,,266.0,601237.0,household_agent_6,53.0,aggregator_agent,0.0,1.0,53.0,601238.0
276,,,267.0,601237.0,household_agent_7,152.0,aggregator_agent,0.0,2.0,152.0,601239.0
277,,,268.0,601237.0,household_agent_8,131.0,aggregator_agent,0.0,2.0,131.0,601239.0
278,,,269.0,601237.0,household_agent_9,95.0,aggregator_agent,0.0,2.0,95.0,601239.0
279,,,270.0,601237.0,household_agent_10,85.0,aggregator_agent,0.0,3.0,85.0,601240.0
280,,,271.0,601237.0,household_agent_11,75.0,aggregator_agent,0.0,3.0,75.0,601240.0
281,,,272.0,601237.0,household_agent_12,172.0,aggregator_agent,0.0,2.0,172.0,601239.0
282,,,273.0,601237.0,generation_agent_0,151.0,aggregator_agent,0.0,3.0,151.0,601240.0
283,,,274.0,601237.0,generation_agent_1,165.0,aggregator_agent,0.0,3.0,165.0,601240.0
284,,,275.0,601237.0,generation_agent_2,122.0,aggregator_agent,0.0,3.0,122.0,601240.0
285,,,276.0,601237.0,generation_agent_3,161.0,aggregator_agent,0.0,4.0,161.0,601241.0
286,,,277.0,601265.0,household_agent_0,173.0,aggregator_agent,0.0,1.0,173.0,601266.0
287,,,278.0,601265.0,household_agent_1,61.0,aggregator_agent,0.0,1.0,61.0,601266.0
288,,,279.0,601265.0,household_agent_2,133.0,aggregator_agent,0.0,1.0,133.0,601266.0
289,,,280.0,601265.0,household_agent_3,67.0,aggregator_agent,0.0,2.0,67.0,601267.0
290,,,281.0,601265.0,household_agent_4,182.0,aggregator_agent,0.0,2.0,182.0,601267.0
291,,,282.0,601265.0,household_agent_5,157.0,aggregator_agent,0.0,1.0,157.0,601266.0
292,,,283.0,601265.0,household_agent_6,149.0,aggregator_agent,0.0,1.0,149.0,601266.0
293,,,284.0,601265.0,household_agent_7,111.0,aggregator_agent,0.0,2.0,111.0,601267.0
294,,,285.0,601265.0,household_agent_8,160.0,aggregator_agent,0.0,2.0,160.0,601267.0
295,,,286.0,601265.0,household_agent_9,85.0,aggregator_agent,0.0,3.0,85.0,601268.0
296,,,287.0,601265.0,household_agent_10,196.0,aggregator_agent,0.0,3.0,196.0,601268.0
297,,,288.0,601265.0,household_agent_11,95.0,aggregator_agent,0.0,3.0,95.0,601268.0
298,,,289.0,601265.0,household_agent_12,72.0,aggregator_agent,0.0,2.0,72.0,601267.0
299,,,290.0,601265.0,generation_agent_0,117.0,aggregator_agent,0.0,3.0,117.0,601268.0
300,,,291.0,601265.0,generation_agent_1,85.0,aggregator_agent,0.0,3.0,85.0,601268.0
301,,,292.0,601265.0,generation_agent_2,154.0,aggregator_agent,0.0,4.0,154.0,601269.0
302,,,293.0,601265.0,generation_agent_3,140.0,aggregator_agent,0.0,4.0,140.0,601269.0
303,,,294.0,601358.0,household_agent_0,51.0,aggregator_agent,0.0,1.0,51.0,601359.0
304,,,295.0,601358.0,household_agent_1,182.0,aggregator_agent,0.0,1.0,182.0,601359.0
305,,,296.0,601358.0,household_agent_2,169.0,aggregator_agent,0.0,1.0,169.0,601359.0
306,,,297.0,601358.0,household_agent_3,142.0,aggregator_agent,0.0,2.0,142.0,601360.0
307,,,298.0,601358.0,household_agent_4,58.0,aggregator_agent,0.0,2.0,58.0,601360.0
308,,,299.0,601358.0,household_agent_5,84.0,aggregator_agent,0.0,1.0,84.0,601359.0
309,,,300.0,601358.0,household_agent_6,135.0,aggregator_agent,0.0,1.0,135.0,601359.0
310,,,301.0,601358.0,household_agent_7,85.0,aggregator_agent,0.0,2.0,85.0,601360.0
311,,,302.0,601358.0,household_agent_8,81.0,aggregator_agent,0.0,2.0,81.0,601360.0
312,,,303.0,601358.0,household_agent_9,82.0,aggregator_agent,0.0,2.0,82.0,601360.0
313,,,304.0,601358.0,household_agent_10,98.0,aggregator_agent,0.0,2.0,98.0,601360.0
314,,,305.0,601358.0,household_agent_11,111.0,aggregator_agent,0.0,3.0,111.0,601361.0
315,,,306.0,601358.0,household_agent_12,78.0,aggregator_agent,0.0,2.0,78.0,601360.0
316,,,307.0,601358.0,generation_agent_0,104.0,aggregator_agent,0.0,3.0,104.0,601361.0
317,,,308.0,601358.0,generation_agent_1,94.0,aggregator_agent,0.0,3.0,94.0,601361.0
318,,,309.0,601358.0,generation_agent_2,156.0,aggregator_agent,0.0,3.0,156.0,601361.0
319,,,310.0,601358.0,generation_agent_3,190.0,aggregator_agent,0.0,4.0,190.0,601362.0
320,,,311.0,601453.0,market_agent,158.0,aggregator_agent,0.0,0.0,158.0,601453.0
321,,,313.0,901543.0,household_agent_0,138.0,aggregator_agent,0.0,1.0,138.0,901544.0
322,,,314.0,901543.0,household_agent_1,91.0,aggregator_agent,0.0,1.0,91.0,901544.0
323,,,315.0,901543.0,household_agent_2,110.0,aggregator_agent,0.0,0.0,110.0,901543.0
324,,,316.0,901543.0,household_agent_3,54.0,aggregator_agent,0.0,1.0,54.0,901544.0
325,,,317.0,901543.0,household_agent_4,136.0,aggregator_agent,0.0,2.0,136.0,901545.0
326,,,318.0,901543.0,household_agent_5,77.0,aggregator_agent,0.0,1.0,77.0,901544.0
327,,,319.0,901543.0,household_agent_6,77.0,aggregator_agent,0.0,1.0,77.0,901544.0
328,,,320.0,901543.0,household_agent_7,137.0,aggregator_agent,0.0,2.0,137.0,901545.0
329,,,321.0,901543.0,household_agent_8,59.0,aggregator_agent,0.0,2.0,59.0,901545.0
330,,,322.0,901543.0,household_agent_9,190.0,aggregator_agent,0.0,3.0,190.0,901546.0
331,,,323.0,901543.0,household_agent_10,192.0,aggregator_agent,0.0,3.0,192.0,901546.0
332,,,324.0,901543.0,household_agent_11,126.0,aggregator_agent,0.0,3.0,126.0,901546.0
333,,,325.0,901543.0,household_agent_12,110.0,aggregator_agent,0.0,2.0,110.0,901545.0
334,,,326.0,901543.0,generation_agent_0,192.0,aggregator_agent,0.0,3.0,192.0,901546.0
335,,,327.0,901543.0,generation_agent_1,162.0,aggregator_agent,0.0,3.0,162.0,901546.0
336,,,328.0,901543.0,generation_agent_2,140.0,aggregator_agent,0.0,4.0,140.0,901547.0
337,,,329.0,901543.0,generation_agent_3,134.0,aggregator_agent,0.0,4.0,134.0,901547.0
338,,,330.0,901621.0,household_agent_0,73.0,aggregator_agent,0.0,1.0,73.0,901622.0
339,,,331.0,901621.0,household_agent_1,151.0,aggregator_agent,0.0,1.0,151.0,901622.0
340,,,332.0,901621.0,household_agent_2,87.0,aggregator_agent,0.0,0.0,87.0,901621.0
341,,,333.0,901621.0,household_agent_3,194.0,aggregator_agent,0.0,2.0,194.0,901623.0
342,,,334.0,901621.0,household_agent_4,151.0,aggregator_agent,0.0,2.0,151.0,901623.0
343,,,335.0,901621.0,household_agent_5,68.0,aggregator_agent,0.0,1.0,68.0,901622.0
344,,,336.0,901621.0,household_agent_6,116.0,aggregator_agent,0.0,1.0,116.0,901622.0
345,,,337.0,901621.0,household_agent_7,110.0,aggregator_agent,0.0,2.0,110.0,901623.0
346,,,338.0,901621.0,household_agent_8,60.0,aggregator_agent,0.0,2.0,60.0,901623.0
347,,,339.0,901621.0,household_agent_9,189.0,aggregator_agent,0.0,3.0,189.0,901624.0
348,,,340.0,901621.0,household_agent_10,187.0,aggregator_agent,0.0,3.0,187.0,901624.0
349,,,341.0,901621.0,household_agent_11,178.0,aggregator_agent,0.0,3.0,178.0,901624.0
350,,,342.0,901621.0,household_agent_12,135.0,aggregator_agent,0.0,2.0,135.0,901623.0
351,,,343.0,901621.0,generation_agent_0,71.0,aggregator_agent,0.0,3.0,71.0,901624.0
352,,,344.0,901621.0,generation_agent_1,173.0,aggregator_agent,0.0,3.0,173.0,901624.0
353,,,345.0,901621.0,generation_agent_2,95.0,aggregator_agent,0.0,4.0,95.0,901625.0
354,,,346.0,901621.0,generation_agent_3,98.0,aggregator_agent,0.0,4.0,98.0,901625.0
355,,,347.0,901683.0,household_agent_0,54.0,aggregator_agent,0.0,1.0,54.0,901684.0
356,,,348.0,901683.0,household_agent_1,135.0,aggregator_agent,0.0,1.0,135.0,901684.0
357,,,349.0,901683.0,household_agent_2,50.0,aggregator_agent,0.0,0.0,50.0,901683.0
358,,,350.0,901683.0,household_agent_3,51.0,aggregator_agent,0.0,1.0,51.0,901684.0
359,,,351.0,901683.0,household_agent_4,200.0,aggregator_agent,0.0,2.0,200.0,901685.0
360,,,352.0,901683.0,household_agent_5,72.0,aggregator_agent,0.0,1.0,72.0,901684.0
361,,,353.0,901683.0,household_agent_6,51.0,aggregator_agent,0.0,1.0,51.0,901684.0
362,,,354.0,901683.0,household_agent_7,143.0,aggregator_agent,0.0,2.0,143.0,901685.0
363,,,355.0,901683.0,household_agent_8,165.0,aggregator_agent,0.0,2.0,165.0,901685.0
364,,,356.0,901683.0,household_agent_9,112.0,aggregator_agent,0.0,2.0,112.0,901685.0
365,,,357.0,901683.0,household_agent_10,162.0,aggregator_agent,0.0,3.0,162.0,901686.0
366,,,358.0,901683.0,household_agent_11,118.0,aggregator_agent,0.0,3.0,118.0,901686.0
367,,,359.0,901683.0,household_agent_12,79.0,aggregator_agent,0.0,2.0,79.0,901685.0
368,,,360.0,901683.0,generation_agent_0,197.0,aggregator_agent,0.0,3.0,197.0,901686.0
369,,,361.0,901683.0,generation_agent_1,179.0,aggregator_agent,0.0,3.0,179.0,901686.0
370,,,362.0,901683.0,generation_agent_2,159.0,aggregator_agent,0.0,3.0,159.0,901686.0
371,,,363.0,901683.0,generation_agent_3,50.0,aggregator_agent,0.0,3.0,50.0,901686.0
372,,,364.0,901715.0,household_agent_0,134.0,aggregator_agent,0.0,1.0,134.0,901716.0
373,,,365.0,901715.0,household_agent_1,128.0,aggregator_agent,0.0,1.0,128.0,901716.0
374,,,366.0,901715.0,household_agent_2,55.0,aggregator_agent,0.0,0.0,55.0,901715.0
375,,,367.0,901715.0,household_agent_3,179.0,aggregator_agent,0.0,2.0,179.0,901717.0
376,,,368.0,901715.0,household_agent_4,197.0,aggregator_agent,0.0,2.0,197.0,901717.0
377,,,369.0,901715.0,household_agent_5,122.0,aggregator_agent,0.0,1.0,122.0,901716.0
378,,,370.0,901715.0,household_agent_6,104.0,aggregator_agent,0.0,1.0,104.0,901716.0
379,,,371.0,901715.0,household_agent_7,109.0,aggregator_agent,0.0,2.0,109.0,901717.0
380,,,372.0,901715.0,household_agent_8,119.0,aggregator_agent,0.0,2.0,119.0,901717.0
381,,,373.0,901715.0,household_agent_9,135.0,aggregator_agent,0.0,3.0,135.0,901718.0
382,,,374.0,901715.0,household_agent_10,51.0,aggregator_agent,0.0,3.0,51.0,901718.0
383,,,375.0,901715.0,household_agent_11,179.0,aggregator_agent,0.0,3.0,179.0,901718.0
384,,,376.0,901715.0,household_agent_12,129.0,aggregator_agent,0.0,2.0,129.0,901717.0
385,,,377.0,901715.0,generation_agent_0,64.0,aggregator_agent,0.0,3.0,64.0,901718.0
386,,,378.0,901715.0,generation_agent_1,155.0,aggregator_agent,0.0,3.0,155.0,901718.0
387,,,379.0,901715.0,generation_agent_2,134.0,aggregator_agent,0.0,3.0,134.0,901718.0
388,,,380.0,901715.0,generation_agent_3,117.0,aggregator_agent,0.0,4.0,117.0,901719.0
389,,,381.0,901790.0,household_agent_0,103.0,aggregator_agent,0.0,1.0,103.0,901791.0
390,,,382.0,901790.0,household_agent_1,70.0,aggregator_agent,0.0,1.0,70.0,901791.0
391,,,383.0,901790.0,household_agent_2,89.0,aggregator_agent,0.0,0.0,89.0,901790.0
392,,,384.0,901790.0,household_agent_3,187.0,aggregator_agent,0.0,2.0,187.0,901792.0
393,,,385.0,901790.0,household_agent_4,154.0,aggregator_agent,0.0,2.0,154.0,901792.0
394,,,386.0,901790.0,household_agent_5,175.0,aggregator_agent,0.0,1.0,175.0,901791.0
395,,,387.0,901790.0,household_agent_6,62.0,aggregator_agent,0.0,1.0,62.0,901791.0
396,,,388.0,901790.0,household_agent_7,122.0,aggregator_agent,0.0,2.0,122.0,901792.0
397,,,389.0,901790.0,household_agent_8,123.0,aggregator_agent,0.0,2.0,123.0,901792.0
398,,,390.0,901790.0,household_agent_9,179.0,aggregator_agent,0.0,3.0,179.0,901793.0
399,,,391.0,901790.0,household_agent_10,131.0,aggregator_agent,0.0,3.0,131.0,901793.0
400,,,392.0,901790.0,household_agent_11,72.0,aggregator_agent,0.0,3.0,72.0,901793.0
401,,,393.0,901790.0,household_agent_12,137.0,aggregator_agent,0.0,2.0,137.0,901792.0
402,,,394.0,901790.0,generation_agent_0,98.0,aggregator_agent,0.0,3.0,98.0,901793.0
403,,,395.0,901790.0,generation_agent_1,103.0,aggregator_agent,0.0,3.0,103.0,901793.0
404,,,396.0,901790.0,generation_agent_2,107.0,aggregator_agent,0.0,3.0,107.0,901793.0
405,,,397.0,901790.0,generation_agent_3,154.0,aggregator_agent,0.0,4.0,154.0,901794.0
406,,,398.0,901860.0,household_agent_0,158.0,aggregator_agent,0.0,1.0,158.0,901861.0
407,,,399.0,901860.0,household_agent_1,149.0,aggregator_agent,0.0,1.0,149.0,901861.0
408,,,400.0,901860.0,household_agent_2,63.0,aggregator_agent,0.0,0.0,63.0,901860.0
409,,,401.0,901860.0,household_agent_3,128.0,aggregator_agent,0.0,2.0,128.0,901862.0
410,,,402.0,901860.0,household_agent_4,55.0,aggregator_agent,0.0,2.0,55.0,901862.0
411,,,403.0,901860.0,household_agent_5,54.0,aggregator_agent,0.0,1.0,54.0,901861.0
412,,,404.0,901860.0,household_agent_6,69.0,aggregator_agent,0.0,1.0,69.0,901861.0
413,,,405.0,901860.0,household_agent_7,182.0,aggregator_agent,0.0,2.0,182.0,901862.0
414,,,406.0,901860.0,household_agent_8,105.0,aggregator_agent,0.0,2.0,105.0,901862.0
415,,,407.0,901860.0,household_agent_9,80.0,aggregator_agent,0.0,2.0,80.0,901862.0
416,,,408.0,901860.0,household_agent_10,66.0,aggregator_agent,0.0,2.0,66.0,901862.0
417,,,409.0,901860.0,household_agent_11,193.0,aggregator_agent,0.0,3.0,193.0,901863.0
418,,,410.0,901860.0,household_agent_12,135.0,aggregator_agent,0.0,2.0,135.0,901862.0
419,,,411.0,901860.0,generation_agent_0,86.0,aggregator_agent,0.0,3.0,86.0,901863.0
420,,,412.0,901860.0,generation_agent_1,109.0,aggregator_agent,0.0,3.0,109.0,901863.0
421,,,413.0,901860.0,generation_agent_2,61.0,aggregator_agent,0.0,3.0,61.0,901863.0
422,,,414.0,901860.0,generation_agent_3,119.0,aggregator_agent,0.0,3.0,119.0,901863.0
423,,,415.0,901877.0,market_agent,189.0,aggregator_agent,0.0,0.0,189.0,901877.0
424,,,417.0,1201949.0,household_agent_0,102.0,aggregator_agent,0.0,1.0,102.0,1201950.0
425,,,418.0,1201949.0,household_agent_1,95.0,aggregator_agent,0.0,1.0,95.0,1201950.0
426,,,419.0,1201949.0,household_agent_2,83.0,aggregator_agent,0.0,0.0,83.0,1201949.0
427,,,420.0,1201949.0,household_agent_3,153.0,aggregator_agent,0.0,2.0,153.0,1201951.0
428,,,421.0,1201949.0,household_agent_4,157.0,aggregator_agent,0.0,2.0,157.0,1201951.0
429,,,422.0,1201949.0,household_agent_5,82.0,aggregator_agent,0.0,1.0,82.0,1201950.0
430,,,423.0,1201949.0,household_agent_6,144.0,aggregator_agent,0.0,1.0,144.0,1201950.0
431,,,424.0,1201949.0,household_agent_7,158.0,aggregator_agent,0.0,2.0,158.0,1201951.0
432,,,425.0,1201949.0,household_agent_8,137.0,aggregator_agent,0.0,2.0,137.0,1201951.0
433,,,426.0,1201949.0,household_agent_9,187.0,aggregator_agent,0.0,3.0,187.0,1201952.0
434,,,427.0,1201949.0,household_agent_10,199.0,aggregator_agent,0.0,3.0,199.0,1201952.0
435,,,428.0,1201949.0,household_agent_11,142.0,aggregator_agent,0.0,3.0,142.0,1201952.0
436,,,429.0,1201949.0,household_agent_12,113.0,aggregator_agent,0.0,2.0,113.0,1201951.0
437,,,430.0,1201949.0,generation_agent_0,57.0,aggregator_agent,0.0,3.0,57.0,1201952.0
438,,,431.0,1201949.0,generation_agent_1,68.0,aggregator_agent,0.0,3.0,68.0,1201952.0
439,,,432.0,1201949.0,generation_agent_2,76.0,aggregator_agent,0.0,3.0,76.0,1201952.0
440,,,433.0,1201949.0,generation_agent_3,73.0,aggregator_agent,0.0,3.0,73.0,1201952.0
441,,,434.0,1202046.0,household_agent_0,119.0,aggregator_agent,0.0,1.0,119.0,1202047.0
442,,,435.0,1202046.0,household_agent_1,188.0,aggregator_agent,0.0,1.0,188.0,1202047.0
443,,,436.0,1202046.0,household_agent_2,57.0,aggregator_agent,0.0,0.0,57.0,1202046.0
444,,,437.0,1202046.0,household_agent_3,152.0,aggregator_agent,0.0,2.0,152.0,1202048.0
445,,,438.0,1202046.0,household_agent_4,183.0,aggregator_agent,0.0,2.0,183.0,1202048.0
446,,,439.0,1202046.0,household_agent_5,156.0,aggregator_agent,0.0,1.0,156.0,1202047.0
447,,,440.0,1202046.0,household_agent_6,99.0,aggregator_agent,0.0,1.0,99.0,1202047.0
448,,,441.0,1202046.0,household_agent_7,115.0,aggregator_agent,0.0,2.0,115.0,1202048.0
449,,,442.0,1202046.0,household_agent_8,115.0,aggregator_agent,0.0,2.0,115.0,1202048.0
450,,,443.0,1202046.0,household_agent_9,107.0,aggregator_agent,0.0,3.0,107.0,1202049.0
451,,,444.0,1202046.0,household_agent_10,188.0,aggregator_agent,0.0,3.0,188.0,1202049.0
452,,,445.0,1202046.0,household_agent_11,59.0,aggregator_agent,0.0,3.0,59.0,1202049.0
453,,,446.0,1202046.0,household_agent_12,145.0,aggregator_agent,0.0,2.0,145.0,1202048.0
454,,,447.0,1202046.0,generation_agent_0,108.0,aggregator_agent,0.0,3.0,108.0,1202049.0
455,,,448.0,1202046.0,generation_agent_1,115.0,aggregator_agent,0.0,3.0,115.0,1202049.0
456,,,449.0,1202046.0,generation_agent_2,76.0,aggregator_agent,0.0,3.0,76.0,1202049.0
457,,,450.0,1202046.0,generation_agent_3,135.0,aggregator_agent,0.0,4.0,135.0,1202050.0
458,,,451.0,1202115.0,household_agent_0,176.0,aggregator_agent,0.0,1.0,176.0,1202116.0
459,,,452.0,1202115.0,household_agent_1,75.0,aggregator_agent,0.0,1.0,75.0,1202116.0
460,,,453.0,1202115.0,household_agent_2,150.0,aggregator_agent,0.0,1.0,150.0,1202116.0
461,,,454.0,1202115.0,household_agent_3,82.0,aggregator_agent,0.0,2.0,82.0,1202117.0
462,,,455.0,1202115.0,household_agent_4,107.0,aggregator_agent,0.0,2.0,107.0,1202117.0
463,,,456.0,1202115.0,household_agent_5,77.0,aggregator_agent,0.0,1.0,77.0,1202116.0
464,,,457.0,1202115.0,household_agent_6,156.0,aggregator_agent,0.0,1.0,156.0,1202116.0
465,,,458.0,1202115.0,household_agent_7,88.0,aggregator_agent,0.0,2.0,88.0,1202117.0
466,,,459.0,1202115.0,household_agent_8,194.0,aggregator_agent,0.0,3.0,194.0,1202118.0
467,,,460.0,1202115.0,household_agent_9,64.0,aggregator_agent,0.0,3.0,64.0,1202118.0
468,,,461.0,1202115.0,household_agent_10,110.0,aggregator_agent,0.0,3.0,110.0,1202118.0
469,,,462.0,1202115.0,household_agent_11,72.0,aggregator_agent,0.0,3.0,72.0,1202118.0
470,,,463.0,1202115.0,household_agent_12,135.0,aggregator_agent,0.0,2.0,135.0,1202117.0
471,,,464.0,1202115.0,generation_agent_0,149.0,aggregator_agent,0.0,3.0,149.0,1202118.0
472,,,465.0,1202115.0,generation_agent_1,167.0,aggregator_agent,0.0,3.0,167.0,1202118.0
473,,,466.0,1202115.0,generation_agent_2,161.0,aggregator_agent,0.0,3.0,161.0,1202118.0
474,,,467.0,1202115.0,generation_agent_3,110.0,aggregator_agent,0.0,4.0,110.0,1202119.0
475,,,468.0,1202125.0,household_agent_0,132.0,aggregator_agent,0.0,1.0,132.0,1202126.0
476,,,469.0,1202125.0,household_agent_1,103.0,aggregator_agent,0.0,1.0,103.0,1202126.0
477,,,470.0,1202125.0,household_agent_2,52.0,aggregator_agent,0.0,0.0,52.0,1202125.0
478,,,471.0,1202125.0,household_agent_3,154.0,aggregator_agent,0.0,2.0,154.0,1202127.0
479,,,472.0,1202125.0,household_agent_4,163.0,aggregator_agent,0.0,2.0,163.0,1202127.0
480,,,473.0,1202125.0,household_agent_5,86.0,aggregator_agent,0.0,1.0,86.0,1202126.0
481,,,474.0,1202125.0,household_agent_6,116.0,aggregator_agent,0.0,1.0,116.0,1202126.0
482,,,475.0,1202125.0,household_agent_7,190.0,aggregator_agent,0.0,2.0,190.0,1202127.0
483,,,476.0,1202125.0,household_agent_8,62.0,aggregator_agent,0.0,2.0,62.0,1202127.0
484,,,477.0,1202125.0,household_agent_9,115.0,aggregator_agent,0.0,2.0,115.0,1202127.0
485,,,478.0,1202125.0,household_agent_10,200.0,aggregator_agent,0.0,3.0,200.0,1202128.0
486,,,479.0,1202125.0,household_agent_11,76.0,aggregator_agent,0.0,3.0,76.0,1202128.0
487,,,480.0,1202125.0,household_agent_12,54.0,aggregator_agent,0.0,2.0,54.0,1202127.0
488,,,481.0,1202125.0,generation_agent_0,153.0,aggregator_agent,0.0,3.0,153.0,1202128.0
489,,,482.0,1202125.0,generation_agent_1,127.0,aggregator_agent,0.0,3.0,127.0,1202128.0
490,,,483.0,1202125.0,generation_agent_2,103.0,aggregator_agent,0.0,3.0,103.0,1202128.0
491,,,484.0,1202125.0,generation_agent_3,63.0,aggregator_agent,0.0,3.0,63.0,1202128.0
492,,,485.0,1202173.0,household_agent_0,110.0,aggregator_agent,0.0,1.0,110.0,1202174.0
493,,,486.0,1202173.0,household_agent_1,92.0,aggregator_agent,0.0,1.0,92.0,1202174.0
494,,,487.0,1202173.0,household_agent_2,153.0,aggregator_agent,0.0,1.0,153.0,1202174.0
495,,,488.0,1202173.0,household_agent_3,197.0,aggregator_agent,0.0,2.0,197.0,1202175.0
496,,,489.0,1202173.0,household_agent_4,141.0,aggregator_agent,0.0,2.0,141.0,1202175.0
497,,,490.0,1202173.0,household_agent_5,191.0,aggregator_agent,0.0,1.0,191.0,1202174.0
498,,,491.0,1202173.0,household_agent_6,150.0,aggregator_agent,0.0,1.0,150.0,1202174.0
499,,,492.0,1202173.0,household_agent_7,151.0,aggregator_agent,0.0,2.0,151.0,1202175.0
500,,,493.0,1202173.0,household_agent_8,172.0,aggregator_agent,0.0,3.0,172.0,1202176.0
501,,,494.0,1202173.0,household_agent_9,83.0,aggregator_agent,0.0,3.0,83.0,1202176.0
502,,,495.0,1202173.0,household_agent_10,107.0,aggregator_agent,0.0,3.0,107.0,1202176.0
503,,,496.0,1202173.0,household_agent_11,94.0,aggregator_agent,0.0,3.0,94.0,1202176.0
504,,,497.0,1202173.0,household_agent_12,136.0,aggregator_agent,0.0,2.0,136.0,1202175.0
505,,,498.0,1202173.0,generation_agent_0,117.0,aggregator_agent,0.0,3.0,117.0,1202176.0
506,,,499.0,1202173.0,generation_agent_1,145.0,aggregator_agent,0.0,3.0,145.0,1202176.0
507,,,500.0,1202173.0,generation_agent_2,60.0,aggregator_agent,0.0,3.0,60.0,1202176.0
508,,,501.0,1202173.0,generation_agent_3,109.0,aggregator_agent,0.0,4.0,109.0,1202177.0
509,,,502.0,1202211.0,household_agent_0,170.0,aggregator_agent,0.0,1.0,170.0,1202212.0
510,,,503.0,1202211.0,household_agent_1,105.0,aggregator_agent,0.0,1.0,105.0,1202212.0
511,,,504.0,1202211.0,household_agent_2,83.0,aggregator_agent,0.0,0.0,83.0,1202211.0
512,,,505.0,1202211.0,household_agent_3,65.0,aggregator_agent,0.0,1.0,65.0,1202212.0
513,,,506.0,1202211.0,household_agent_4,91.0,aggregator_agent,0.0,2.0,91.0,1202213.0
514,,,507.0,1202211.0,household_agent_5,132.0,aggregator_agent,0.0,1.0,132.0,1202212.0
515,,,508.0,1202211.0,household_agent_6,143.0,aggregator_agent,0.0,1.0,143.0,1202212.0
516,,,509.0,1202211.0,household_agent_7,121.0,aggregator_agent,0.0,2.0,121.0,1202213.0
517,,,510.0,1202211.0,household_agent_8,96.0,aggregator_agent,0.0,2.0,96.0,1202213.0
518,,,511.0,1202211.0,household_agent_9,120.0,aggregator_agent,0.0,2.0,120.0,1202213.0
519,,,512.0,1202211.0,household_agent_10,193.0,aggregator_agent,0.0,3.0,193.0,1202214.0
520,,,513.0,1202211.0,household_agent_11,164.0,aggregator_agent,0.0,3.0,164.0,1202214.0
521,,,514.0,1202211.0,household_agent_12,190.0,aggregator_agent,0.0,2.0,190.0,1202213.0
522,,,515.0,1202211.0,generation_agent_0,170.0,aggregator_agent,0.0,3.0,170.0,1202214.0
523,,,516.0,1202211.0,generation_agent_1,66.0,aggregator_agent,0.0,3.0,66.0,1202214.0
524,,,517.0,1202211.0,generation_agent_2,119.0,aggregator_agent,0.0,4.0,119.0,1202215.0
525,,,518.0,1202211.0,generation_agent_3,109.0,aggregator_agent,0.0,4.0,109.0,1202215.0
526,,,519.0,1202243.0,market_agent,122.0,aggregator_agent,0.0,0.0,122.0,1202243.0
527,,,521.0,1502272.0,household_agent_0,194.0,aggregator_agent,0.0,1.0,194.0,1502273.0
528,,,522.0,1502272.0,household_agent_1,118.0,aggregator_agent,0.0,1.0,118.0,1502273.0
529,,,523.0,1502272.0,household_agent_2,113.0,aggregator_agent,0.0,0.0,113.0,1502272.0
530,,,524.0,1502272.0,household_agent_3,157.0,aggregator_agent,0.0,2.0,157.0,1502274.0
531,,,525.0,1502272.0,household_agent_4,133.0,aggregator_agent,0.0,2.0,133.0,1502274.0
532,,,526.0,1502272.0,household_agent_5,107.0,aggregator_agent,0.0,1.0,107.0,1502273.0
533,,,527.0,1502272.0,household_agent_6,128.0,aggregator_agent,0.0,1.0,128.0,1502273.0
534,,,528.0,1502272.0,household_agent_7,164.0,aggregator_agent,0.0,2.0,164.0,1502274.0
535,,,529.0,1502272.0,household_agent_8,129.0,aggregator_agent,0.0,2.0,129.0,1502274.0
536,,,530.0,1502272.0,household_agent_9,153.0,aggregator_agent,0.0,3.0,153.0,1502275.0
537,,,531.0,1502272.0,household_agent_10,99.0,aggregator_agent,0.0,3.0,99.0,1502275.0
538,,,532.0,1502272.0,household_agent_11,108.0,aggregator_agent,0.0,3.0,108.0,1502275.0
539,,,533.0,1502272.0,household_agent_12,117.0,aggregator_agent,0.0,2.0,117.0,1502274.0
540,,,534.0,1502272.0,generation_agent_0,116.0,aggregator_agent,0.0,3.0,116.0,1502275.0
541,,,535.0,1502272.0,generation_agent_1,141.0,aggregator_agent,0.0,3.0,141.0,1502275.0
542,,,536.0,1502272.0,generation_agent_2,50.0,aggregator_agent,0.0,3.0,50.0,1502275.0
543,,,537.0,1502272.0,generation_agent_3,143.0,aggregator_agent,0.0,4.0,143.0,1502276.0
544,,,538.0,1502314.0,household_agent_0,124.0,aggregator_agent,0.0,1.0,124.0,1502315.0
545,,,539.0,1502314.0,household_agent_1,95.0,aggregator_agent,0.0,1.0,95.0,1502315.0
546,,,540.0,1502314.0,household_agent_2,77.0,aggregator_agent,0.0,0.0,77.0,1502314.0
547,,,541.0,1502314.0,household_agent_3,153.0,aggregator_agent,0.0,2.0,153.0,1502316.0
548,,,542.0,1502314.0,household_agent_4,59.0,aggregator_agent,0.0,2.0,59.0,1502316.0
549,,,543.0,1502314.0,household_agent_5,154.0,aggregator_agent,0.0,1.0,154.0,1502315.0
550,,,544.0,1502314.0,household_agent_6,97.0,aggregator_agent,0.0,1.0,97.0,1502315.0
551,,,545.0,1502314.0,household_agent_7,177.0,aggregator_agent,0.0,2.0,177.0,1502316.0
552,,,546.0,1502314.0,household_agent_8,122.0,aggregator_agent,0.0,2.0,122.0,1502316.0
553,,,547.0,1502314.0,household_agent_9,157.0,aggregator_agent,0.0,3.0,157.0,1502317.0
554,,,548.0,1502314.0,household_agent_10,83.0,aggregator_agent,0.0,3.0,83.0,1502317.0
555,,,549.0,1502314.0,household_agent_11,68.0,aggregator_agent,0.0,3.0,68.0,1502317.0
556,,,550.0,1502314.0,household_agent_12,126.0,aggregator_agent,0.0,2.0,126.0,1502316.0
557,,,551.0,1502314.0,generation_agent_0,177.0,aggregator_agent,0.0,3.0,177.0,1502317.0
558,,,552.0,1502314.0,generation_agent_1,130.0,aggregator_agent,0.0,3.0,130.0,1502317.0
559,,,553.0,1502314.0,generation_agent_2,136.0,aggregator_agent,0.0,3.0,136.0,1502317.0
560,,,554.0,1502314.0,generation_agent_3,110.0,aggregator_agent,0.0,4.0,110.0,1502318.0
561,,,555.0,1502354.0,household_agent_0,184.0,aggregator_agent,0.0,1.0,184.0,1502355.0
562,,,556.0,1502354.0,household_agent_1,63.0,aggregator_agent,0.0,1.0,63.0,1502355.0
563,,,557.0,1502354.0,household_agent_2,127.0,aggregator_agent,0.0,1.0,127.0,1502355.0
564,,,558.0,1502354.0,household_agent_3,183.0,aggregator_agent,0.0,2.0,183.0,1502356.0
565,,,559.0,1502354.0,household_agent_4,193.0,aggregator_agent,0.0,2.0,193.0,1502356.0
566,,,560.0,1502354.0,household_agent_5,86.0,aggregator_agent,0.0,1.0,86.0,1502355.0
567,,,561.0,1502354.0,household_agent_6,130.0,aggregator_agent,0.0,1.0,130.0,1502355.0
568,,,562.0,1502354.0,household_agent_7,164.0,aggregator_agent,0.0,2.0,164.0,1502356.0
569,,,563.0,1502354.0,household_agent_8,181.0,aggregator_agent,0.0,3.0,181.0,1502357.0
570,,,564.0,1502354.0,household_agent_9,141.0,aggregator_agent,0.0,3.0,141.0,1502357.0
571,,,565.0,1502354.0,household_agent_10,152.0,aggregator_agent,0.0,3.0,152.0,1502357.0
572,,,566.0,1502354.0,household_agent_11,111.0,aggregator_agent,0.0,3.0,111.0,1502357.0
573,,,567.0,1502354.0,household_agent_12,135.0,aggregator_agent,0.0,2.0,135.0,1502356.0
574,,,568.0,1502354.0,generation_agent_0,80.0,aggregator_agent,0.0,3.0,80.0,1502357.0
575,,,569.0,1502354.0,generation_agent_1,109.0,aggregator_agent,0.0,3.0,109.0,1502357.0
576,,,570.0,1502354.0,generation_agent_2,53.0,aggregator_agent,0.0,3.0,53.0,1502357.0
577,,,571.0,1502354.0,generation_agent_3,134.0,aggregator_agent,0.0,4.0,134.0,1502358.0
578,,,572.0,1502387.0,household_agent_0,103.0,aggregator_agent,0.0,1.0,103.0,1502388.0
579,,,573.0,1502387.0,household_agent_1,64.0,aggregator_agent,0.0,1.0,64.0,1502388.0
580,,,574.0,1502387.0,household_agent_2,98.0,aggregator_agent,0.0,0.0,98.0,1502387.0
581,,,575.0,1502387.0,household_agent_3,160.0,aggregator_agent,0.0,2.0,160.0,1502389.0
582,,,576.0,1502387.0,household_agent_4,133.0,aggregator_agent,0.0,2.0,133.0,1502389.0
583,,,577.0,1502387.0,household_agent_5,60.0,aggregator_agent,0.0,1.0,60.0,1502388.0
584,,,578.0,1502387.0,household_agent_6,188.0,aggregator_agent,0.0,1.0,188.0,1502388.0
585,,,579.0,1502387.0,household_agent_7,55.0,aggregator_agent,0.0,2.0,55.0,1502389.0
586,,,580.0,1502387.0,household_agent_8,86.0,aggregator_agent,0.0,2.0,86.0,1502389.0
587,,,581.0,1502387.0,household_agent_9,123.0,aggregator_agent,0.0,2.0,123.0,1502389.0
588,,,582.0,1502387.0,household_agent_10,63.0,aggregator_agent,0.0,2.0,63.0,1502389.0
589,,,583.0,1502387.0,household_agent_11,74.0,aggregator_agent,0.0,3.0,74.0,1502390.0
590,,,584.0,1502387.0,household_agent_12,147.0,aggregator_agent,0.0,2.0,147.0,1502389.0
591,,,585.0,1502387.0,generation_agent_0,62.0,aggregator_agent,0.0,3.0,62.0,1502390.0
592,,,586.0,1502387.0,generation_agent_1,86.0,aggregator_agent,0.0,3.0,86.0,1502390.0
593,,,587.0,1502387.0,generation_agent_2,104.0,aggregator_agent,0.0,3.0,104.0,1502390.0
594,,,588.0,1502387.0,generation_agent_3,70.0,aggregator_agent,0.0,3.0,70.0,1502390.0
595,,,589.0,1502468.0,household_agent_0,60.0,aggregator_agent,0.0,1.0,60.0,1502469.0
596,,,590.0,1502468.0,household_agent_1,56.0,aggregator_agent,0.0,1.0,56.0,1502469.0
597,,,591.0,1502468.0,household_agent_2,93.0,aggregator_agent,0.0,0.0,93.0,1502468.0
598,,,592.0,1502468.0,household_agent_3,197.0,aggregator_agent,0.0,2.0,197.0,1502470.0
599,,,593.0,1502468.0,household_agent_4,84.0,aggregator_agent,0.0,2.0,84.0,1502470.0
600,,,594.0,1502468.0,household_agent_5,187.0,aggregator_agent,0.0,1.0,187.0,1502469.0
601,,,595.0,1502468.0,household_agent_6,95.0,aggregator_agent,0.0,1.0,95.0,1502469.0
602,,,596.0,1502468.0,household_agent_7,74.0,aggregator_agent,0.0,2.0,74.0,1502470.0
603,,,597.0,1502468.0,household_agent_8,82.0,aggregator_agent,0.0,2.0,82.0,1502470.0
604,,,598.0,1502468.0,household_agent_9,103.0,aggregator_agent,0.0,2.0,103.0,1502470.0
605,,,599.0,1502468.0,household_agent_10,92.0,aggregator_agent,0.0,2.0,92.0,1502470.0
606,,,600.0,1502468.0,household_agent_11,110.0,aggregator_agent,0.0,3.0,110.0,1502471.0
607,,,601.0,1502468.0,household_agent_12,84.0,aggregator_agent,0.0,2.0,84.0,1502470.0
608,,,602.0,1502468.0,generation_agent_0,91.0,aggregator_agent,0.0,3.0,91.0,1502471.0
609,,,603.0,1502468.0,generation_agent_1,172.0,aggregator_agent,0.0,3.0,172.0,1502471.0
610,,,604.0,1502468.0,generation_agent_2,128.0,aggregator_agent,0.0,3.0,128.0,1502471.0
611,,,605.0,1502468.0,generation_agent_3,101.0,aggregator_agent,0.0,3.0,101.0,1502471.0
612,,,606.0,1502564.0,household_agent_0,120.0,aggregator_agent,0.0,1.0,120.0,1502565.0
613,,,607.0,1502564.0,household_agent_1,143.0,aggregator_agent,0.0,1.0,143.0,1502565.0
614,,,608.0,1502564.0,household_agent_2,60.0,aggregator_agent,0.0,0.0,60.0,1502564.0
615,,,609.0,1502564.0,household_agent_3,59.0,aggregator_agent,0.0,1.0,59.0,1502565.0
616,,,610.0,1502564.0,household_agent_4,194.0,aggregator_agent,0.0,2.0,194.0,1502566.0
617,,,611.0,1502564.0,household_agent_5,70.0,aggregator_agent,0.0,1.0,70.0,1502565.0
618,,,612.0,1502564.0,household_agent_6,70.0,aggregator_agent,0.0,1.0,70.0,1502565.0
619,,,613.0,1502564.0,household_agent_7,155.0,aggregator_agent,0.0,2.0,155.0,1502566.0
620,,,614.0,1502564.0,household_agent_8,95.0,aggregator_agent,0.0,2.0,95.0,1502566.0
621,,,615.0,1502564.0,household_agent_9,116.0,aggregator_agent,0.0,2.0,116.0,1502566.0
622,,,616.0,1502564.0,household_agent_10,167.0,aggregator_agent,0.0,3.0,167.0,1502567.0
623,,,617.0,1502564.0,household_agent_11,123.0,aggregator_agent,0.0,3.0,123.0,1502567.0
624,,,618.0,1502564.0,household_agent_12,183.0,aggregator_agent,0.0,2.0,183.0,1502566.0
625,,,619.0,1502564.0,generation_agent_0,77.0,aggregator_agent,0.0,3.0,77.0,1502567.0
626,,,620.0,1502564.0,generation_agent_1,56.0,aggregator_agent,0.0,3.0,56.0,1502567.0
627,,,621.0,1502564.0,generation_agent_2,94.0,aggregator_agent,0.0,3.0,94.0,1502567.0
628,,,622.0,1502564.0,generation_agent_3,139.0,aggregator_agent,0.0,3.0,139.0,1502567.0
629,,,623.0,1502635.0,market_agent,132.0,aggregator_agent,0.0,0.0,132.0,1502635.0
630,,,625.0,1802794.0,household_agent_0,128.0,aggregator_agent,0.0,1.0,128.0,1802795.0
631,,,626.0,1802794.0,household_agent_1,111.0,aggregator_agent,0.0,1.0,111.0,1802795.0
632,,,627.0,1802794.0,household_agent_2,105.0,aggregator_agent,0.0,0.0,105.0,1802794.0
633,,,628.0,1802794.0,household_agent_3,63.0,aggregator_agent,0.0,1.0,63.0,1802795.0
634,,,629.0,1802794.0,household_agent_4,129.0,aggregator_agent,0.0,2.0,129.0,1802796.0
635,,,630.0,1802794.0,household_agent_5,140.0,aggregator_agent,0.0,1.0,140.0,1802795.0
636,,,631.0,1802794.0,household_agent_6,127.0,aggregator_agent,0.0,1.0,127.0,1802795.0
637,,,632.0,1802794.0,household_agent_7,188.0,aggregator_agent,0.0,2.0,188.0,1802796.0
638,,,633.0,1802794.0,household_agent_8,143.0,aggregator_agent,0.0,2.0,143.0,1802796.0
639,,,634.0,1802794.0,household_agent_9,179.0,aggregator_agent,0.0,3.0,179.0,1802797.0
640,,,635.0,1802794.0,household_agent_10,142.0,aggregator_agent,0.0,3.0,142.0,1802797.0
641,,,636.0,1802794.0,household_agent_11,130.0,aggregator_agent,0.0,3.0,130.0,1802797.0
642,,,637.0,1802794.0,household_agent_12,112.0,aggregator_agent,0.0,2.0,112.0,1802796.0
643,,,638.0,1802794.0,generation_agent_0,162.0,aggregator_agent,0.0,3.0,162.0,1802797.0
644,,,639.0,1802794.0,generation_agent_1,173.0,aggregator_agent,0.0,3.0,173.0,1802797.0
645,,,640.0,1802794.0,generation_agent_2,67.0,aggregator_agent,0.0,4.0,67.0,1802798.0
646,,,641.0,1802794.0,generation_agent_3,171.0,aggregator_agent,0.0,4.0,171.0,1802798.0
647,,,642.0,1802858.0,household_agent_0,69.0,aggregator_agent,0.0,1.0,69.0,1802859.0
648,,,643.0,1802858.0,household_agent_1,145.0,aggregator_agent,0.0,1.0,145.0,1802859.0
649,,,644.0,1802858.0,household_agent_2,168.0,aggregator_agent,0.0,1.0,168.0,1802859.0
650,,,645.0,1802858.0,household_agent_3,166.0,aggregator_agent,0.0,2.0,166.0,1802860.0
651,,,646.0,1802858.0,household_agent_4,118.0,aggregator_agent,0.0,2.0,118.0,1802860.0
652,,,647.0,1802858.0,household_agent_5,127.0,aggregator_agent,0.0,1.0,127.0,1802859.0
653,,,648.0,1802858.0,household_agent_6,96.0,aggregator_agent,0.0,1.0,96.0,1802859.0
654,,,649.0,1802858.0,household_agent_7,69.0,aggregator_agent,0.0,2.0,69.0,1802860.0
655,,,650.0,1802858.0,household_agent_8,189.0,aggregator_agent,0.0,3.0,189.0,1802861.0
656,,,651.0,1802858.0,household_agent_9,54.0,aggregator_agent,0.0,3.0,54.0,1802861.0
657,,,652.0,1802858.0,household_agent_10,179.0,aggregator_agent,0.0,3.0,179.0,1802861.0
658,,,653.0,1802858.0,household_agent_11,192.0,aggregator_agent,0.0,3.0,192.0,1802861.0
659,,,654.0,1802858.0,household_agent_12,172.0,aggregator_agent,0.0,2.0,172.0,1802860.0
660,,,655.0,1802858.0,generation_agent_0,79.0,aggregator_agent,0.0,3.0,79.0,1802861.0
661,,,656.0,1802858.0,generation_agent_1,188.0,aggregator_agent,0.0,3.0,188.0,1802861.0
662,,,657.0,1802858.0,generation_agent_2,159.0,aggregator_agent,0.0,4.0,159.0,1802862.0
663,,,658.0,1802858.0,generation_agent_3,98.0,aggregator_agent,0.0,4.0,98.0,1802862.0
664,,,659.0,1802914.0,household_agent_0,126.0,aggregator_agent,0.0,1.0,126.0,1802915.0
665,,,660.0,1802914.0,household_agent_1,139.0,aggregator_agent,0.0,1.0,139.0,1802915.0
666,,,661.0,1802914.0,household_agent_2,194.0,aggregator_agent,0.0,1.0,194.0,1802915.0
667,,,662.0,1802914.0,household_agent_3,88.0,aggregator_agent,0.0,2.0,88.0,1802916.0
668,,,663.0,1802914.0,household_agent_4,121.0,aggregator_agent,0.0,2.0,121.0,1802916.0
669,,,664.0,1802914.0,household_agent_5,155.0,aggregator_agent,0.0,1.0,155.0,1802915.0
670,,,665.0,1802914.0,household_agent_6,149.0,aggregator_agent,0.0,1.0,149.0,1802915.0
671,,,666.0,1802914.0,household_agent_7,110.0,aggregator_agent,0.0,2.0,110.0,1802916.0
672,,,667.0,1802914.0,household_agent_8,67.0,aggregator_agent,0.0,2.0,67.0,1802916.0
673,,,668.0,1802914.0,household_agent_9,145.0,aggregator_agent,0.0,3.0,145.0,1802917.0
674,,,669.0,1802914.0,household_agent_10,83.0,aggregator_agent,0.0,3.0,83.0,1802917.0
675,,,670.0,1802914.0,household_agent_11,160.0,aggregator_agent,0.0,3.0,160.0,1802917.0
676,,,671.0,1802914.0,household_agent_12,107.0,aggregator_agent,0.0,2.0,107.0,1802916.0
677,,,672.0,1802914.0,generation_agent_0,164.0,aggregator_agent,0.0,3.0,164.0,1802917.0
678,,,673.0,1802914.0,generation_agent_1,128.0,aggregator_agent,0.0,3.0,128.0,1802917.0
679,,,674.0,1802914.0,generation_agent_2,70.0,aggregator_agent,0.0,3.0,70.0,1802917.0
680,,,675.0,1802914.0,generation_agent_3,138.0,aggregator_agent,0.0,4.0,138.0,1802918.0
681,,,676.0,1803009.0,household_agent_0,141.0,aggregator_agent,0.0,1.0,141.0,1803010.0
682,,,677.0,1803009.0,household_agent_1,81.0,aggregator_agent,0.0,1.0,81.0,1803010.0
683,,,678.0,1803009.0,household_agent_2,131.0,aggregator_agent,0.0,1.0,131.0,1803010.0
684,,,679.0,1803009.0,household_agent_3,135.0,aggregator_agent,0.0,2.0,135.0,1803011.0
685,,,680.0,1803009.0,household_agent_4,73.0,aggregator_agent,0.0,2.0,73.0,1803011.0
686,,,681.0,1803009.0,household_agent_5,141.0,aggregator_agent,0.0,1.0,141.0,1803010.0
687,,,682.0,1803009.0,household_agent_6,184.0,aggregator_agent,0.0,1.0,184.0,1803010.0
688,,,683.0,1803009.0,household_agent_7,113.0,aggregator_agent,0.0,2.0,113.0,1803011.0
689,,,684.0,1803009.0,household_agent_8,183.0,aggregator_agent,0.0,3.0,183.0,1803012.0
690,,,685.0,1803009.0,household_agent_9,186.0,aggregator_agent,0.0,3.0,186.0,1803012.0
691,,,686.0,1803009.0,household_agent_10,67.0,aggregator_agent,0.0,3.0,67.0,1803012.0
692,,,687.0,1803009.0,household_agent_11,86.0,aggregator_agent,0.0,3.0,86.0,1803012.0
693,,,688.0,1803009.0,household_agent_12,98.0,aggregator_agent,0.0,2.0,98.0,1803011.0
694,,,689.0,1803009.0,generation_agent_0,142.0,aggregator_agent,0.0,3.0,142.0,1803012.0
695,,,690.0,1803009.0,generation_agent_1,193.0,aggregator_agent,0.0,3.0,193.0,1803012.0
696,,,691.0,1803009.0,generation_agent_2,80.0,aggregator_agent,0.0,4.0,80.0,1803013.0
697,,,692.0,1803009.0,generation_agent_3,68.0,aggregator_agent,0.0,4.0,68.0,1803013.0
698,,,693.0,1803108.0,household_agent_0,53.0,aggregator_agent,0.0,1.0,53.0,1803109.0
699,,,694.0,1803108.0,household_agent_1,113.0,aggregator_agent,0.0,1.0,113.0,1803109.0
700,,,695.0,1803108.0,household_agent_2,123.0,aggregator_agent,0.0,1.0,123.0,1803109.0
701,,,696.0,1803108.0,household_agent_3,168.0,aggregator_agent,0.0,2.0,168.0,1803110.0
702,,,697.0,1803108.0,household_agent_4,172.0,aggregator_agent,0.0,2.0,172.0,1803110.0
703,,,698.0,1803108.0,household_agent_5,198.0,aggregator_agent,0.0,1.0,198.0,1803109.0
704,,,699.0,1803108.0,household_agent_6,109.0,aggregator_agent,0.0,1.0,109.0,1803109.0
705,,,700.0,1803108.0,household_agent_7,172.0,aggregator_agent,0.0,2.0,172.0,1803110.0
706,,,701.0,1803108.0,household_agent_8,110.0,aggregator_agent,0.0,2.0,110.0,1803110.0
707,,,702.0,1803108.0,household_agent_9,187.0,aggregator_agent,0.0,3.0,187.0,1803111.0
708,,,703.0,1803108.0,household_agent_10,131.0,aggregator_agent,0.0,3.0,131.0,1803111.0
709,,,704.0,1803108.0,household_agent_11,109.0,aggregator_agent,0.0,3.0,109.0,1803111.0
710,,,705.0,1803108.0,household_agent_12,164.0,aggregator_agent,0.0,2.0,164.0,1803110.0
711,,,706.0,1803108.0,generation_agent_0,161.0,aggregator_agent,0.0,3.0,161.0,1803111.0
712,,,707.0,1803108.0,generation_agent_1,91.0,aggregator_agent,0.0,3.0,91.0,1803111.0
713,,,708.0,1803108.0,generation_agent_2,77.0,aggregator_agent,0.0,4.0,77.0,1803112.0
714,,,709.0,1803108.0,generation_agent_3,160.0,aggregator_agent,0.0,4.0,160.0,1803112.0
715,,,710.0,1803186.0,household_agent_0,106.0,aggregator_agent,0.0,1.0,106.0,1803187.0
716,,,711.0,1803186.0,household_agent_1,153.0,aggregator_agent,0.0,1.0,153.0,1803187.0
717,,,712.0,1803186.0,household_agent_2,155.0,aggregator_agent,0.0,1.0,155.0,1803187.0
718,,,713.0,1803186.0,household_agent_3,125.0,aggregator_agent,0.0,2.0,125.0,1803188.0
719,,,714.0,1803186.0,household_agent_4,99.0,aggregator_agent,0.0,2.0,99.0,1803188.0
720,,,715.0,1803186.0,household_agent_5,126.0,aggregator_agent,0.0,1.0,126.0,1803187.0
721,,,716.0,1803186.0,household_agent_6,160.0,aggregator_agent,0.0,1.0,160.0,1803187.0
722,,,717.0,1803186.0,household_agent_7,186.0,aggregator_agent,0.0,2.0,186.0,1803188.0
723,,,718.0,1803186.0,household_agent_8,191.0,aggregator_agent,0.0,3.0,191.0,1803189.0
724,,,719.0,1803186.0,household_agent_9,56.0,aggregator_agent,0.0,3.0,56.0,1803189.0
725,,,720.0,1803186.0,household_agent_10,123.0,aggregator_agent,0.0,3.0,123.0,1803189.0
726,,,721.0,1803186.0,household_agent_11,124.0,aggregator_agent,0.0,3.0,124.0,1803189.0
727,,,722.0,1803186.0,household_agent_12,198.0,aggregator_agent,0.0,2.0,198.0,1803188.0
728,,,723.0,1803186.0,generation_agent_0,99.0,aggregator_agent,0.0,3.0,99.0,1803189.0
729,,,724.0,1803186.0,generation_agent_1,70.0,aggregator_agent,0.0,3.0,70.0,1803189.0
730,,,725.0,1803186.0,generation_agent_2,85.0,aggregator_agent,0.0,3.0,85.0,1803189.0
731,,,726.0,1803186.0,generation_agent_3,111.0,aggregator_agent,0.0,4.0,111.0,1803190.0
732,,,727.0,1803238.0,market_agent,193.0,aggregator_agent,0.0,0.0,193.0,1803238.0
733,,,729.0,2103289.0,household_agent_0,156.0,aggregator_agent,0.0,1.0,156.0,2103290.0
734,,,730.0,2103289.0,household_agent_1,141.0,aggregator_agent,0.0,1.0,141.0,2103290.0
735,,,731.0,2103289.0,household_agent_2,99.0,aggregator_agent,0.0,0.0,99.0,2103289.0
736,,,732.0,2103289.0,household_agent_3,150.0,aggregator_agent,0.0,2.0,150.0,2103291.0
737,,,733.0,2103289.0,household_agent_4,175.0,aggregator_agent,0.0,2.0,175.0,2103291.0
738,,,734.0,2103289.0,household_agent_5,62.0,aggregator_agent,0.0,1.0,62.0,2103290.0
739,,,735.0,2103289.0,household_agent_6,142.0,aggregator_agent,0.0,1.0,142.0,2103290.0
740,,,736.0,2103289.0,household_agent_7,161.0,aggregator_agent,0.0,2.0,161.0,2103291.0
741,,,737.0,2103289.0,household_agent_8,154.0,aggregator_agent,0.0,3.0,154.0,2103292.0
742,,,738.0,2103289.0,household_agent_9,75.0,aggregator_agent,0.0,3.0,75.0,2103292.0
743,,,739.0,2103289.0,household_agent_10,169.0,aggregator_agent,0.0,3.0,169.0,2103292.0
744,,,740.0,2103289.0,household_agent_11,110.0,aggregator_agent,0.0,3.0,110.0,2103292.0
745,,,741.0,2103289.0,household_agent_12,164.0,aggregator_agent,0.0,2.0,164.0,2103291.0
746,,,742.0,2103289.0,generation_agent_0,124.0,aggregator_agent,0.0,3.0,124.0,2103292.0
747,,,743.0,2103289.0,generation_agent_1,67.0,aggregator_agent,0.0,3.0,67.0,2103292.0
748,,,744.0,2103289.0,generation_agent_2,132.0,aggregator_agent,0.0,4.0,132.0,2103293.0
749,,,745.0,2103289.0,generation_agent_3,135.0,aggregator_agent,0.0,4.0,135.0,2103293.0
750,,,746.0,2103373.0,household_agent_0,75.0,aggregator_agent,0.0,1.0,75.0,2103374.0
751,,,747.0,2103373.0,household_agent_1,84.0,aggregator_agent,0.0,1.0,84.0,2103374.0
752,,,748.0,2103373.0,household_agent_2,166.0,aggregator_agent,0.0,1.0,166.0,2103374.0
753,,,749.0,2103373.0,household_agent_3,90.0,aggregator_agent,0.0,1.0,90.0,2103374.0
754,,,750.0,2103373.0,household_agent_4,62.0,aggregator_agent,0.0,2.0,62.0,2103375.0
755,,,751.0,2103373.0,household_agent_5,53.0,aggregator_agent,0.0,1.0,53.0,2103374.0
756,,,752.0,2103373.0,household_agent_6,176.0,aggregator_agent,0.0,1.0,176.0,2103374.0
757,,,753.0,2103373.0,household_agent_7,189.0,aggregator_agent,0.0,2.0,189.0,2103375.0
758,,,754.0,2103373.0,household_agent_8,151.0,aggregator_agent,0.0,2.0,151.0,2103375.0
759,,,755.0,2103373.0,household_agent_9,88.0,aggregator_agent,0.0,2.0,88.0,2103375.0
760,,,756.0,2103373.0,household_agent_10,152.0,aggregator_agent,0.0,3.0,152.0,2103376.0
761,,,757.0,2103373.0,household_agent_11,149.0,aggregator_agent,0.0,3.0,149.0,2103376.0
762,,,758.0,2103373.0,household_agent_12,125.0,aggregator_agent,0.0,2.0,125.0,2103375.0
763,,,759.0,2103373.0,generation_agent_0,63.0,aggregator_agent,0.0,3.0,63.0,2103376.0
764,,,760.0,2103373.0,generation_agent_1,186.0,aggregator_agent,0.0,3.0,186.0,2103376.0
765,,,761.0,2103373.0,generation_agent_2,185.0,aggregator_agent,0.0,4.0,185.0,2103377.0
766,,,762.0,2103373.0,generation_agent_3,142.0,aggregator_agent,0.0,4.0,142.0,2103377.0
767,,,763.0,2103454.0,household_agent_0,70.0,aggregator_agent,0.0,1.0,70.0,2103455.0
768,,,764.0,2103454.0,household_agent_1,152.0,aggregator_agent,0.0,1.0,152.0,2103455.0
769,,,765.0,2103454.0,household_agent_2,86.0,aggregator_agent,0.0,0.0,86.0,2103454.0
770,,,766.0,2103454.0,household_agent_3,99.0,aggregator_agent,0.0,1.0,99.0,2103455.0
771,,,767.0,2103454.0,household_agent_4,103.0,aggregator_agent,0.0,2.0,103.0,2103456.0
772,,,768.0,2103454.0,household_agent_5,70.0,aggregator_agent,0.0,1.0,70.0,2103455.0
773,,,769.0,2103454.0,household_agent_6,120.0,aggregator_agent,0.0,1.0,120.0,2103455.0
774,,,770.0,2103454.0,household_agent_7,155.0,aggregator_agent,0.0,2.0,155.0,2103456.0
775,,,771.0,2103454.0,household_agent_8,89.0,aggregator_agent,0.0,2.0,89.0,2103456.0
776,,,772.0,2103454.0,household_agent_9,119.0,aggregator_agent,0.0,2.0,119.0,2103456.0
777,,,773.0,2103454.0,household_agent_10,172.0,aggregator_agent,0.0,3.0,172.0,2103457.0
778,,,774.0,2103454.0,household_agent_11,120.0,aggregator_agent,0.0,3.0,120.0,2103457.0
779,,,775.0,2103454.0,household_agent_12,175.0,aggregator_agent,0.0,2.0,175.0,2103456.0
780,,,776.0,2103454.0,generation_agent_0,127.0,aggregator_agent,0.0,3.0,127.0,2103457.0
781,,,777.0,2103454.0,generation_agent_1,103.0,aggregator_agent,0.0,3.0,103.0,2103457.0
782,,,778.0,2103454.0,generation_agent_2,84.0,aggregator_agent,0.0,3.0,84.0,2103457.0
783,,,779.0,2103454.0,generation_agent_3,73.0,aggregator_agent,0.0,3.0,73.0,2103457.0
784,,,780.0,2103485.0,household_agent_0,59.0,aggregator_agent,0.0,1.0,59.0,2103486.0
785,,,781.0,2103485.0,household_agent_1,197.0,aggregator_agent,0.0,2.0,197.0,2103487.0
786,,,782.0,2103485.0,household_agent_2,108.0,aggregator_agent,0.0,0.0,108.0,2103485.0
787,,,783.0,2103485.0,household_agent_3,98.0,aggregator_agent,0.0,2.0,98.0,2103487.0
788,,,784.0,2103485.0,household_agent_4,186.0,aggregator_agent,0.0,2.0,186.0,2103487.0
789,,,785.0,2103485.0,household_agent_5,168.0,aggregator_agent,0.0,1.0,168.0,2103486.0
790,,,786.0,2103485.0,household_agent_6,149.0,aggregator_agent,0.0,1.0,149.0,2103486.0
791,,,787.0,2103485.0,household_agent_7,96.0,aggregator_agent,0.0,2.0,96.0,2103487.0
792,,,788.0,2103485.0,household_agent_8,176.0,aggregator_agent,0.0,3.0,176.0,2103488.0
793,,,789.0,2103485.0,household_agent_9,116.0,aggregator_agent,0.0,3.0,116.0,2103488.0
794,,,790.0,2103485.0,household_agent_10,142.0,aggregator_agent,0.0,3.0,142.0,2103488.0
795,,,791.0,2103485.0,household_agent_11,102.0,aggregator_agent,0.0,3.0,102.0,2103488.0
796,,,792.0,2103485.0,household_agent_12,156.0,aggregator_agent,0.0,2.0,156.0,2103487.0
797,,,793.0,2103485.0,generation_agent_0,88.0,aggregator_agent,0.0,3.0,88.0,2103488.0
798,,,794.0,2103485.0,generation_agent_1,56.0,aggregator_agent,0.0,3.0,56.0,2103488.0
799,,,795.0,2103485.0,generation_agent_2,100.0,aggregator_agent,0.0,3.0,100.0,2103488.0
800,,,796.0,2103485.0,generation_agent_3,58.0,aggregator_agent,0.0,3.0,58.0,2103488.0
801,,,797.0,2103553.0,household_agent_0,162.0,aggregator_agent,0.0,1.0,162.0,2103554.0
802,,,798.0,2103553.0,household_agent_1,132.0,aggregator_agent,0.0,1.0,132.0,2103554.0
803,,,799.0,2103553.0,household_agent_2,91.0,aggregator_agent,0.0,0.0,91.0,2103553.0
804,,,800.0,2103553.0,household_agent_3,191.0,aggregator_agent,0.0,2.0,191.0,2103555.0
805,,,801.0,2103553.0,household_agent_4,132.0,aggregator_agent,0.0,2.0,132.0,2103555.0
806,,,802.0,2103553.0,household_agent_5,126.0,aggregator_agent,0.0,1.0,126.0,2103554.0
807,,,803.0,2103553.0,household_agent_6,124.0,aggregator_agent,0.0,1.0,124.0,2103554.0
808,,,804.0,2103553.0,household_agent_7,174.0,aggregator_agent,0.0,2.0,174.0,2103555.0
809,,,805.0,2103553.0,household_agent_8,83.0,aggregator_agent,0.0,2.0,83.0,2103555.0
810,,,806.0,2103553.0,household_agent_9,114.0,aggregator_agent,0.0,3.0,114.0,2103556.0
811,,,807.0,2103553.0,household_agent_10,75.0,aggregator_agent,0.0,3.0,75.0,2103556.0
812,,,808.0,2103553.0,household_agent_11,165.0,aggregator_agent,0.0,3.0,165.0,2103556.0
813,,,809.0,2103553.0,household_agent_12,84.0,aggregator_agent,0.0,2.0,84.0,2103555.0
814,,,810.0,2103553.0,generation_agent_0,179.0,aggregator_agent,0.0,3.0,179.0,2103556.0
815,,,811.0,2103553.0,generation_agent_1,163.0,aggregator_agent,0.0,3.0,163.0,2103556.0
816,,,812.0,2103553.0,generation_agent_2,86.0,aggregator_agent,0.0,4.0,86.0,2103557.0
817,,,813.0,2103553.0,generation_agent_3,151.0,aggregator_agent,0.0,4.0,151.0,2103557.0
818,,,814.0,2103628.0,household_agent_0,93.0,aggregator_agent,0.0,1.0,93.0,2103629.0
819,,,815.0,2103628.0,household_agent_1,157.0,aggregator_agent,0.0,1.0,157.0,2103629.0
820,,,816.0,2103628.0,household_agent_2,135.0,aggregator_agent,0.0,1.0,135.0,2103629.0
821,,,817.0,2103628.0,household_agent_3,53.0,aggregator_agent,0.0,1.0,53.0,2103629.0
822,,,818.0,2103628.0,household_agent_4,106.0,aggregator_agent,0.0,2.0,106.0,2103630.0
823,,,819.0,2103628.0,household_agent_5,63.0,aggregator_agent,0.0,1.0,63.0,2103629.0
824,,,820.0,2103628.0,household_agent_6,146.0,aggregator_agent,0.0,1.0,146.0,2103629.0
825,,,821.0,2103628.0,household_agent_7,180.0,aggregator_agent,0.0,2.0,180.0,2103630.0
826,,,822.0,2103628.0,household_agent_8,151.0,aggregator_agent,0.0,2.0,151.0,2103630.0
827,,,823.0,2103628.0,household_agent_9,143.0,aggregator_agent,0.0,3.0,143.0,2103631.0
828,,,824.0,2103628.0,household_agent_10,52.0,aggregator_agent,0.0,3.0,52.0,2103631.0
829,,,825.0,2103628.0,household_agent_11,102.0,aggregator_agent,0.0,3.0,102.0,2103631.0
830,,,826.0,2103628.0,household_agent_12,174.0,aggregator_agent,0.0,2.0,174.0,2103630.0
831,,,827.0,2103628.0,generation_agent_0,193.0,aggregator_agent,0.0,3.0,193.0,2103631.0
832,,,828.0,2103628.0,generation_agent_1,99.0,aggregator_agent,0.0,3.0,99.0,2103631.0
833,,,829.0,2103628.0,generation_agent_2,88.0,aggregator_agent,0.0,3.0,88.0,2103631.0
834,,,830.0,2103628.0,generation_agent_3,180.0,aggregator_agent,0.0,4.0,180.0,2103632.0
835,,,831.0,2103663.0,market_agent,55.0,aggregator_agent,0.0,0.0,55.0,2103663.0
836,,,833.0,2403805.0,household_agent_0,132.0,aggregator_agent,0.0,1.0,132.0,2403806.0
837,,,834.0,2403805.0,household_agent_1,85.0,aggregator_agent,0.0,1.0,85.0,2403806.0
838,,,835.0,2403805.0,household_agent_2,147.0,aggregator_agent,0.0,1.0,147.0,2403806.0
839,,,836.0,2403805.0,household_agent_3,178.0,aggregator_agent,0.0,2.0,178.0,2403807.0
840,,,837.0,2403805.0,household_agent_4,103.0,aggregator_agent,0.0,2.0,103.0,2403807.0
841,,,838.0,2403805.0,household_agent_5,63.0,aggregator_agent,0.0,1.0,63.0,2403806.0
842,,,839.0,2403805.0,household_agent_6,83.0,aggregator_agent,0.0,1.0,83.0,2403806.0
843,,,840.0,2403805.0,household_agent_7,112.0,aggregator_agent,0.0,2.0,112.0,2403807.0
844,,,841.0,2403805.0,household_agent_8,83.0,aggregator_agent,0.0,2.0,83.0,2403807.0
845,,,842.0,2403805.0,household_agent_9,100.0,aggregator_agent,0.0,2.0,100.0,2403807.0
846,,,843.0,2403805.0,household_agent_10,164.0,aggregator_agent,0.0,3.0,164.0,2403808.0
847,,,844.0,2403805.0,household_agent_11,129.0,aggregator_agent,0.0,3.0,129.0,2403808.0
848,,,845.0,2403805.0,household_agent_12,126.0,aggregator_agent,0.0,2.0,126.0,2403807.0
849,,,846.0,2403805.0,generation_agent_0,168.0,aggregator_agent,0.0,3.0,168.0,2403808.0
850,,,847.0,2403805.0,generation_agent_1,117.0,aggregator_agent,0.0,3.0,117.0,2403808.0
851,,,848.0,2403805.0,generation_agent_2,186.0,aggregator_agent,0.0,4.0,186.0,2403809.0
852,,,849.0,2403805.0,generation_agent_3,156.0,aggregator_agent,0.0,4.0,156.0,2403809.0
853,,,850.0,2403890.0,household_agent_0,94.0,aggregator_agent,0.0,1.0,94.0,2403891.0
854,,,851.0,2403890.0,household_agent_1,81.0,aggregator_agent,0.0,1.0,81.0,2403891.0
855,,,852.0,2403890.0,household_agent_2,134.0,aggregator_agent,0.0,1.0,134.0,2403891.0
856,,,853.0,2403890.0,household_agent_3,91.0,aggregator_agent,0.0,2.0,91.0,2403892.0
857,,,854.0,2403890.0,household_agent_4,105.0,aggregator_agent,0.0,2.0,105.0,2403892.0
858,,,855.0,2403890.0,household_agent_5,92.0,aggregator_agent,0.0,1.0,92.0,2403891.0
859,,,856.0,2403890.0,household_agent_6,192.0,aggregator_agent,0.0,1.0,192.0,2403891.0
860,,,857.0,2403890.0,household_agent_7,98.0,aggregator_agent,0.0,2.0,98.0,2403892.0
861,,,858.0,2403890.0,household_agent_8,58.0,aggregator_agent,0.0,2.0,58.0,2403892.0
862,,,859.0,2403890.0,household_agent_9,136.0,aggregator_agent,0.0,2.0,136.0,2403892.0
863,,,860.0,2403890.0,household_agent_10,117.0,aggregator_agent,0.0,3.0,117.0,2403893.0
864,,,861.0,2403890.0,household_agent_11,109.0,aggregator_agent,0.0,3.0,109.0,2403893.0
865,,,862.0,2403890.0,household_agent_12,166.0,aggregator_agent,0.0,2.0,166.0,2403892.0
866,,,863.0,2403890.0,generation_agent_0,54.0,aggregator_agent,0.0,3.0,54.0,2403893.0
867,,,864.0,2403890.0,generation_agent_1,76.0,aggregator_agent,0.0,3.0,76.0,2403893.0
868,,,865.0,2403890.0,generation_agent_2,171.0,aggregator_agent,0.0,3.0,171.0,2403893.0
869,,,866.0,2403890.0,generation_agent_3,80.0,aggregator_agent,0.0,3.0,80.0,2403893.0
870,,,867.0,2403960.0,household_agent_0,129.0,aggregator_agent,0.0,1.0,129.0,2403961.0
871,,,868.0,2403960.0,household_agent_1,178.0,aggregator_agent,0.0,1.0,178.0,2403961.0
872,,,869.0,2403960.0,household_agent_2,80.0,aggregator_agent,0.0,0.0,80.0,2403960.0
873,,,870.0,2403960.0,household_agent_3,183.0,aggregator_agent,0.0,2.0,183.0,2403962.0
874,,,871.0,2403960.0,household_agent_4,77.0,aggregator_agent,0.0,2.0,77.0,2403962.0
875,,,872.0,2403960.0,household_agent_5,114.0,aggregator_agent,0.0,1.0,114.0,2403961.0
876,,,873.0,2403960.0,household_agent_6,80.0,aggregator_agent,0.0,1.0,80.0,2403961.0
877,,,874.0,2403960.0,household_agent_7,189.0,aggregator_agent,0.0,2.0,189.0,2403962.0
878,,,875.0,2403960.0,household_agent_8,121.0,aggregator_agent,0.0,2.0,121.0,2403962.0
879,,,876.0,2403960.0,household_agent_9,51.0,aggregator_agent,0.0,2.0,51.0,2403962.0
880,,,877.0,2403960.0,household_agent_10,107.0,aggregator_agent,0.0,3.0,107.0,2403963.0
881,,,878.0,2403960.0,household_agent_11,180.0,aggregator_agent,0.0,3.0,180.0,2403963.0
882,,,879.0,2403960.0,household_agent_12,196.0,aggregator_agent,0.0,2.0,196.0,2403962.0
883,,,880.0,2403960.0,generation_agent_0,129.0,aggregator_agent,0.0,3.0,129.0,2403963.0
884,,,881.0,2403960.0,generation_agent_1,151.0,aggregator_agent,0.0,3.0,151.0,2403963.0
885,,,882.0,2403960.0,generation_agent_2,59.0,aggregator_agent,0.0,3.0,59.0,2403963.0
886,,,883.0,2403960.0,generation_agent_3,182.0,aggregator_agent,0.0,4.0,182.0,2403964.0
887,,,884.0,2403971.0,household_agent_0,159.0,aggregator_agent,0.0,1.0,159.0,2403972.0
888,,,885.0,2403971.0,household_agent_1,104.0,aggregator_agent,0.0,1.0,104.0,2403972.0
889,,,886.0,2403971.0,household_agent_2,67.0,aggregator_agent,0.0,0.0,67.0,2403971.0
890,,,887.0,2403971.0,household_agent_3,193.0,aggregator_agent,0.0,2.0,193.0,2403973.0
891,,,888.0,2403971.0,household_agent_4,93.0,aggregator_agent,0.0,2.0,93.0,2403973.0
892,,,889.0,2403971.0,household_agent_5,119.0,aggregator_agent,0.0,1.0,119.0,2403972.0
893,,,890.0,2403971.0,household_agent_6,147.0,aggregator_agent,0.0,1.0,147.0,2403972.0
894,,,891.0,2403971.0,household_agent_7,186.0,aggregator_agent,0.0,2.0,186.0,2403973.0
895,,,892.0,2403971.0,household_agent_8,97.0,aggregator_agent,0.0,2.0,97.0,2403973.0
896,,,893.0,2403971.0,household_agent_9,68.0,aggregator_agent,0.0,2.0,68.0,2403973.0
897,,,894.0,2403971.0,household_agent_10,81.0,aggregator_agent,0.0,3.0,81.0,2403974.0
898,,,895.0,2403971.0,household_agent_11,80.0,aggregator_agent,0.0,3.0,80.0,2403974.0
899,,,896.0,2403971.0,household_agent_12,154.0,aggregator_agent,0.0,2.0,154.0,2403973.0
900,,,897.0,2403971.0,generation_agent_0,159.0,aggregator_agent,0.0,3.0,159.0,2403974.0
901,,,898.0,2403971.0,generation_agent_1,132.0,aggregator_agent,0.0,3.0,132.0,2403974.0
902,,,899.0,2403971.0,generation_agent_2,102.0,aggregator_agent,0.0,3.0,102.0,2403974.0
903,,,900.0,2403971.0,generation_agent_3,162.0,aggregator_agent,0.0,4.0,162.0,2403975.0
904,,,901.0,2403998.0,household_agent_0,198.0,aggregator_agent,0.0,1.0,198.0,2403999.0
905,,,902.0,2403998.0,household_agent_1,142.0,aggregator_agent,0.0,1.0,142.0,2403999.0
906,,,903.0,2403998.0,household_agent_2,109.0,aggregator_agent,0.0,0.0,109.0,2403998.0
907,,,904.0,2403998.0,household_agent_3,58.0,aggregator_agent,0.0,2.0,58.0,2404000.0
908,,,905.0,2403998.0,household_agent_4,134.0,aggregator_agent,0.0,2.0,134.0,2404000.0
909,,,906.0,2403998.0,household_agent_5,193.0,aggregator_agent,0.0,1.0,193.0,2403999.0
910,,,907.0,2403998.0,household_agent_6,143.0,aggregator_agent,0.0,1.0,143.0,2403999.0
911,,,908.0,2403998.0,household_agent_7,198.0,aggregator_agent,0.0,2.0,198.0,2404000.0
912,,,909.0,2403998.0,household_agent_8,170.0,aggregator_agent,0.0,3.0,170.0,2404001.0
913,,,910.0,2403998.0,household_agent_9,75.0,aggregator_agent,0.0,3.0,75.0,2404001.0
914,,,911.0,2403998.0,household_agent_10,120.0,aggregator_agent,0.0,3.0,120.0,2404001.0
915,,,912.0,2403998.0,household_agent_11,147.0,aggregator_agent,0.0,3.0,147.0,2404001.0
916,,,913.0,2403998.0,household_agent_12,196.0,aggregator_agent,0.0,2.0,196.0,2404000.0
917,,,914.0,2403998.0,generation_agent_0,117.0,aggregator_agent,0.0,3.0,117.0,2404001.0
918,,,915.0,2403998.0,generation_agent_1,72.0,aggregator_agent,0.0,3.0,72.0,2404001.0
919,,,916.0,2403998.0,generation_agent_2,179.0,aggregator_agent,0.0,4.0,179.0,2404002.0
920,,,917.0,2403998.0,generation_agent_3,131.0,aggregator_agent,0.0,4.0,131.0,2404002.0
921,,,918.0,2404094.0,household_agent_0,197.0,aggregator_agent,0.0,1.0,197.0,2404095.0
922,,,919.0,2404094.0,household_agent_1,148.0,aggregator_agent,0.0,1.0,148.0,2404095.0
923,,,920.0,2404094.0,household_agent_2,198.0,aggregator_agent,0.0,1.0,198.0,2404095.0
924,,,921.0,2404094.0,household_agent_3,88.0,aggregator_agent,0.0,2.0,88.0,2404096.0
925,,,922.0,2404094.0,household_agent_4,123.0,aggregator_agent,0.0,2.0,123.0,2404096.0
926,,,923.0,2404094.0,household_agent_5,53.0,aggregator_agent,0.0,1.0,53.0,2404095.0
927,,,924.0,2404094.0,household_agent_6,192.0,aggregator_agent,0.0,1.0,192.0,2404095.0
928,,,925.0,2404094.0,household_agent_7,180.0,aggregator_agent,0.0,2.0,180.0,2404096.0
929,,,926.0,2404094.0,household_agent_8,80.0,aggregator_agent,0.0,2.0,80.0,2404096.0
930,,,927.0,2404094.0,household_agent_9,87.0,aggregator_agent,0.0,2.0,87.0,2404096.0
931,,,928.0,2404094.0,household_agent_10,166.0,aggregator_agent,0.0,3.0,166.0,2404097.0
932,,,929.0,2404094.0,household_agent_11,75.0,aggregator_agent,0.0,3.0,75.0,2404097.0
933,,,930.0,2404094.0,household_agent_12,71.0,aggregator_agent,0.0,2.0,71.0,2404096.0
934,,,931.0,2404094.0,generation_agent_0,158.0,aggregator_agent,0.0,3.0,158.0,2404097.0
935,,,932.0,2404094.0,generation_agent_1,163.0,aggregator_agent,0.0,3.0,163.0,2404097.0
936,,,933.0,2404094.0,generation_agent_2,156.0,aggregator_agent,0.0,4.0,156.0,2404098.0
937,,,934.0,2404094.0,generation_agent_3,80.0,aggregator_agent,0.0,4.0,80.0,2404098.0
938,,,935.0,2404105.0,market_agent,154.0,aggregator_agent,0.0,0.0,154.0,2404105.0
939,,,937.0,2704227.0,household_agent_0,169.0,aggregator_agent,0.0,1.0,169.0,2704228.0
940,,,938.0,2704227.0,household_agent_1,114.0,aggregator_agent,0.0,1.0,114.0,2704228.0
941,,,939.0,2704227.0,household_agent_2,114.0,aggregator_agent,0.0,0.0,114.0,2704227.0
942,,,940.0,2704227.0,household_agent_3,198.0,aggregator_agent,0.0,2.0,198.0,2704229.0
943,,,941.0,2704227.0,household_agent_4,174.0,aggregator_agent,0.0,2.0,174.0,2704229.0
944,,,942.0,2704227.0,household_agent_5,115.0,aggregator_agent,0.0,1.0,115.0,2704228.0
945,,,943.0,2704227.0,household_agent_6,67.0,aggregator_agent,0.0,1.0,67.0,2704228.0
946,,,944.0,2704227.0,household_agent_7,133.0,aggregator_agent,0.0,2.0,133.0,2704229.0
947,,,945.0,2704227.0,household_agent_8,59.0,aggregator_agent,0.0,2.0,59.0,2704229.0
948,,,946.0,2704227.0,household_agent_9,154.0,aggregator_agent,0.0,3.0,154.0,2704230.0
949,,,947.0,2704227.0,household_agent_10,64.0,aggregator_agent,0.0,3.0,64.0,2704230.0
950,,,948.0,2704227.0,household_agent_11,59.0,aggregator_agent,0.0,3.0,59.0,2704230.0
951,,,949.0,2704227.0,household_agent_12,176.0,aggregator_agent,0.0,2.0,176.0,2704229.0
952,,,950.0,2704227.0,generation_agent_0,70.0,aggregator_agent,0.0,3.0,70.0,2704230.0
953,,,951.0,2704227.0,generation_agent_1,82.0,aggregator_agent,0.0,3.0,82.0,2704230.0
954,,,952.0,2704227.0,generation_agent_2,59.0,aggregator_agent,0.0,3.0,59.0,2704230.0
955,,,953.0,2704227.0,generation_agent_3,125.0,aggregator_agent,0.0,3.0,125.0,2704230.0
956,,,954.0,2704241.0,household_agent_0,163.0,aggregator_agent,0.0,1.0,163.0,2704242.0
957,,,955.0,2704241.0,household_agent_1,142.0,aggregator_agent,0.0,1.0,142.0,2704242.0
958,,,956.0,2704241.0,household_agent_2,183.0,aggregator_agent,0.0,1.0,183.0,2704242.0
959,,,957.0,2704241.0,household_agent_3,142.0,aggregator_agent,0.0,2.0,142.0,2704243.0
960,,,958.0,2704241.0,household_agent_4,81.0,aggregator_agent,0.0,2.0,81.0,2704243.0
961,,,959.0,2704241.0,household_agent_5,148.0,aggregator_agent,0.0,1.0,148.0,2704242.0
962,,,960.0,2704241.0,household_agent_6,157.0,aggregator_agent,0.0,1.0,157.0,2704242.0
963,,,961.0,2704241.0,household_agent_7,197.0,aggregator_agent,0.0,2.0,197.0,2704243.0
964,,,962.0,2704241.0,household_agent_8,163.0,aggregator_agent,0.0,3.0,163.0,2704244.0
965,,,963.0,2704241.0,household_agent_9,68.0,aggregator_agent,0.0,3.0,68.0,2704244.0
966,,,964.0,2704241.0,household_agent_10,82.0,aggregator_agent,0.0,3.0,82.0,2704244.0
967,,,965.0,2704241.0,household_agent_11,101.0,aggregator_agent,0.0,3.0,101.0,2704244.0
968,,,966.0,2704241.0,household_agent_12,115.0,aggregator_agent,0.0,2.0,115.0,2704243.0
969,,,967.0,2704241.0,generation_agent_0,85.0,aggregator_agent,0.0,3.0,85.0,2704244.0
970,,,968.0,2704241.0,generation_agent_1,63.0,aggregator_agent,0.0,3.0,63.0,2704244.0
971,,,969.0,2704241.0,generation_agent_2,129.0,aggregator_agent,0.0,3.0,129.0,2704244.0
972,,,970.0,2704241.0,generation_agent_3,107.0,aggregator_agent,0.0,4.0,107.0,2704245.0
973,,,971.0,2704298.0,household_agent_0,60.0,aggregator_agent,0.0,1.0,60.0,2704299.0
974,,,972.0,2704298.0,household_agent_1,177.0,aggregator_agent,0.0,1.0,177.0,2704299.0
975,,,973.0,2704298.0,household_agent_2,137.0,aggregator_agent,0.0,1.0,137.0,2704299.0
976,,,974.0,2704298.0,household_agent_3,148.0,aggregator_agent,0.0,2.0,148.0,2704300.0
977,,,975.0,2704298.0,household_agent_4,180.0,aggregator_agent,0.0,2.0,180.0,2704300.0
978,,,976.0,2704298.0,household_agent_5,151.0,aggregator_agent,0.0,1.0,151.0,2704299.0
979,,,977.0,2704298.0,household_agent_6,59.0,aggregator_agent,0.0,1.0,59.0,2704299.0
980,,,978.0,2704298.0,household_agent_7,89.0,aggregator_agent,0.0,2.0,89.0,2704300.0
981,,,979.0,2704298.0,household_agent_8,59.0,aggregator_agent,0.0,2.0,59.0,2704300.0
982,,,980.0,2704298.0,household_agent_9,183.0,aggregator_agent,0.0,3.0,183.0,2704301.0
983,,,981.0,2704298.0,household_agent_10,138.0,aggregator_agent,0.0,3.0,138.0,2704301.0
984,,,982.0,2704298.0,household_agent_11,104.0,aggregator_agent,0.0,3.0,104.0,2704301.0
985,,,983.0,2704298.0,household_agent_12,90.0,aggregator_agent,0.0,2.0,90.0,2704300.0
986,,,984.0,2704298.0,generation_agent_0,184.0,aggregator_agent,0.0,3.0,184.0,2704301.0
987,,,985.0,2704298.0,generation_agent_1,171.0,aggregator_agent,0.0,3.0,171.0,2704301.0
988,,,986.0,2704298.0,generation_agent_2,57.0,aggregator_agent,0.0,3.0,57.0,2704301.0
989,,,987.0,2704298.0,generation_agent_3,198.0,aggregator_agent,0.0,4.0,198.0,2704302.0
990,,,988.0,2704377.0,household_agent_0,83.0,aggregator_agent,0.0,1.0,83.0,2704378.0
991,,,989.0,2704377.0,household_agent_1,170.0,aggregator_agent,0.0,1.0,170.0,2704378.0
992,,,990.0,2704377.0,household_agent_2,192.0,aggregator_agent,0.0,1.0,192.0,2704378.0
993,,,991.0,2704377.0,household_agent_3,87.0,aggregator_agent,0.0,2.0,87.0,2704379.0
994,,,992.0,2704377.0,household_agent_4,150.0,aggregator_agent,0.0,2.0,150.0,2704379.0
995,,,993.0,2704377.0,household_agent_5,70.0,aggregator_agent,0.0,1.0,70.0,2704378.0
996,,,994.0,2704377.0,household_agent_6,193.0,aggregator_agent,0.0,1.0,193.0,2704378.0
997,,,995.0,2704377.0,household_agent_7,91.0,aggregator_agent,0.0,2.0,91.0,2704379.0
998,,,996.0,2704377.0,household_agent_8,77.0,aggregator_agent,0.0,2.0,77.0,2704379.0
999,,,997.0,2704377.0,household_agent_9,200.0,aggregator_agent,0.0,3.0,200.0,2704380.0
1000,,,998.0,2704377.0,household_agent_10,166.0,aggregator_agent,0.0,3.0,166.0,2704380.0
1001,,,999.0,2704377.0,household_agent_11,134.0,aggregator_agent,0.0,3.0,134.0,2704380.0
1002,,,1000.0,2704377.0,household_agent_12,151.0,aggregator_agent,0.0,2.0,151.0,2704379.0
1003,,,1001.0,2704377.0,generation_agent_0,119.0,aggregator_agent,0.0,3.0,119.0,2704380.0
1004,,,1002.0,2704377.0,generation_agent_1,106.0,aggregator_agent,0.0,3.0,106.0,2704380.0
1005,,,1003.0,2704377.0,generation_agent_2,111.0,aggregator_agent,0.0,4.0,111.0,2704381.0
1006,,,1004.0,2704377.0,generation_agent_3,151.0,aggregator_agent,0.0,4.0,151.0,2704381.0
1007,,,1005.0,2704442.0,household_agent_0,134.0,aggregator_agent,0.0,1.0,134.0,2704443.0
1008,,,1006.0,2704442.0,household_agent_1,58.0,aggregator_agent,0.0,1.0,58.0,2704443.0
1009,,,1007.0,2704442.0,household_agent_2,164.0,aggregator_agent,0.0,1.0,164.0,2704443.0
1010,,,1008.0,2704442.0,household_agent_3,114.0,aggregator_agent,0.0,2.0,114.0,2704444.0
1011,,,1009.0,2704442.0,household_agent_4,134.0,aggregator_agent,0.0,2.0,134.0,2704444.0
1012,,,1010.0,2704442.0,household_agent_5,138.0,aggregator_agent,0.0,1.0,138.0,2704443.0
1013,,,1011.0,2704442.0,household_agent_6,135.0,aggregator_agent,0.0,1.0,135.0,2704443.0
1014,,,1012.0,2704442.0,household_agent_7,77.0,aggregator_agent,0.0,2.0,77.0,2704444.0
1015,,,1013.0,2704442.0,household_agent_8,70.0,aggregator_agent,0.0,2.0,70.0,2704444.0
1016,,,1014.0,2704442.0,household_agent_9,179.0,aggregator_agent,0.0,3.0,179.0,2704445.0
1017,,,1015.0,2704442.0,household_agent_10,128.0,aggregator_agent,0.0,3.0,128.0,2704445.0
1018,,,1016.0,2704442.0,household_agent_11,134.0,aggregator_agent,0.0,3.0,134.0,2704445.0
1019,,,1017.0,2704442.0,household_agent_12,161.0,aggregator_agent,0.0,2.0,161.0,2704444.0
1020,,,1018.0,2704442.0,generation_agent_0,74.0,aggregator_agent,0.0,3.0,74.0,2704445.0
1021,,,1019.0,2704442.0,generation_agent_1,150.0,aggregator_agent,0.0,3.0,150.0,2704445.0
1022,,,1020.0,2704442.0,generation_agent_2,129.0,aggregator_agent,0.0,3.0,129.0,2704445.0
1023,,,1021.0,2704442.0,generation_agent_3,93.0,aggregator_agent,0.0,4.0,93.0,2704446.0
1024,,,1022.0,2704470.0,household_agent_0,108.0,aggregator_agent,0.0,1.0,108.0,2704471.0
1025,,,1023.0,2704470.0,household_agent_1,103.0,aggregator_agent,0.0,1.0,103.0,2704471.0
1026,,,1024.0,2704470.0,household_agent_2,120.0,aggregator_agent,0.0,0.0,120.0,2704470.0
1027,,,1025.0,2704470.0,household_agent_3,132.0,aggregator_agent,0.0,2.0,132.0,2704472.0
1028,,,1026.0,2704470.0,household_agent_4,127.0,aggregator_agent,0.0,2.0,127.0,2704472.0
1029,,,1027.0,2704470.0,household_agent_5,178.0,aggregator_agent,0.0,1.0,178.0,2704471.0
1030,,,1028.0,2704470.0,household_agent_6,153.0,aggregator_agent,0.0,1.0,153.0,2704471.0
1031,,,1029.0,2704470.0,household_agent_7,109.0,aggregator_agent,0.0,2.0,109.0,2704472.0
1032,,,1030.0,2704470.0,household_agent_8,55.0,aggregator_agent,0.0,2.0,55.0,2704472.0
1033,,,1031.0,2704470.0,household_agent_9,70.0,aggregator_agent,0.0,2.0,70.0,2704472.0
1034,,,1032.0,2704470.0,household_agent_10,106.0,aggregator_agent,0.0,3.0,106.0,2704473.0
1035,,,1033.0,2704470.0,household_agent_11,120.0,aggregator_agent,0.0,3.0,120.0,2704473.0
1036,,,1034.0,2704470.0,household_agent_12,175.0,aggregator_agent,0.0,2.0,175.0,2704472.0
1037,,,1035.0,2704470.0,generation_agent_0,81.0,aggregator_agent,0.0,3.0,81.0,2704473.0
1038,,,1036.0,2704470.0,generation_agent_1,53.0,aggregator_agent,0.0,3.0,53.0,2704473.0
1039,,,1037.0,2704470.0,generation_agent_2,106.0,aggregator_agent,0.0,3.0,106.0,2704473.0
1040,,,1038.0,2704470.0,generation_agent_3,97.0,aggregator_agent,0.0,3.0,97.0,2704473.0
1041,,,1039.0,2704532.0,market_agent,143.0,aggregator_agent,0.0,0.0,143.0,2704532.0
1042,,,1041.0,3004646.0,household_agent_0,80.0,aggregator_agent,0.0,1.0,80.0,3004647.0
1043,,,1042.0,3004646.0,household_agent_1,141.0,aggregator_agent,0.0,1.0,141.0,3004647.0
1044,,,1043.0,3004646.0,household_agent_2,64.0,aggregator_agent,0.0,0.0,64.0,3004646.0
1045,,,1044.0,3004646.0,household_agent_3,189.0,aggregator_agent,0.0,2.0,189.0,3004648.0
1046,,,1045.0,3004646.0,household_agent_4,115.0,aggregator_agent,0.0,2.0,115.0,3004648.0
1047,,,1046.0,3004646.0,household_agent_5,139.0,aggregator_agent,0.0,1.0,139.0,3004647.0
1048,,,1047.0,3004646.0,household_agent_6,101.0,aggregator_agent,0.0,1.0,101.0,3004647.0
1049,,,1048.0,3004646.0,household_agent_7,143.0,aggregator_agent,0.0,2.0,143.0,3004648.0
1050,,,1049.0,3004646.0,household_agent_8,67.0,aggregator_agent,0.0,2.0,67.0,3004648.0
1051,,,1050.0,3004646.0,household_agent_9,176.0,aggregator_agent,0.0,3.0,176.0,3004649.0
1052,,,1051.0,3004646.0,household_agent_10,168.0,aggregator_agent,0.0,3.0,168.0,3004649.0
1053,,,1052.0,3004646.0,household_agent_11,153.0,aggregator_agent,0.0,3.0,153.0,3004649.0
1054,,,1053.0,3004646.0,household_agent_12,57.0,aggregator_agent,0.0,2.0,57.0,3004648.0
1055,,,1054.0,3004646.0,generation_agent_0,161.0,aggregator_agent,0.0,3.0,161.0,3004649.0
1056,,,1055.0,3004646.0,generation_agent_1,74.0,aggregator_agent,0.0,3.0,74.0,3004649.0
1057,,,1056.0,3004646.0,generation_agent_2,103.0,aggregator_agent,0.0,3.0,103.0,3004649.0
1058,,,1057.0,3004646.0,generation_agent_3,119.0,aggregator_agent,0.0,4.0,119.0,3004650.0
1059,,,1058.0,3004676.0,household_agent_0,187.0,aggregator_agent,0.0,1.0,187.0,3004677.0
1060,,,1059.0,3004676.0,household_agent_1,189.0,aggregator_agent,0.0,2.0,189.0,3004678.0
1061,,,1060.0,3004676.0,household_agent_2,175.0,aggregator_agent,0.0,1.0,175.0,3004677.0
1062,,,1061.0,3004676.0,household_agent_3,55.0,aggregator_agent,0.0,2.0,55.0,3004678.0
1063,,,1062.0,3004676.0,household_agent_4,75.0,aggregator_agent,0.0,2.0,75.0,3004678.0
1064,,,1063.0,3004676.0,household_agent_5,196.0,aggregator_agent,0.0,1.0,196.0,3004677.0
1065,,,1064.0,3004676.0,household_agent_6,151.0,aggregator_agent,0.0,1.0,151.0,3004677.0
1066,,,1065.0,3004676.0,household_agent_7,101.0,aggregator_agent,0.0,2.0,101.0,3004678.0
1067,,,1066.0,3004676.0,household_agent_8,124.0,aggregator_agent,0.0,2.0,124.0,3004678.0
1068,,,1067.0,3004676.0,household_agent_9,94.0,aggregator_agent,0.0,3.0,94.0,3004679.0
1069,,,1068.0,3004676.0,household_agent_10,157.0,aggregator_agent,0.0,3.0,157.0,3004679.0
1070,,,1069.0,3004676.0,household_agent_11,133.0,aggregator_agent,0.0,3.0,133.0,3004679.0
1071,,,1070.0,3004676.0,household_agent_12,162.0,aggregator_agent,0.0,2.0,162.0,3004678.0
1072,,,1071.0,3004676.0,generation_agent_0,120.0,aggregator_agent,0.0,3.0,120.0,3004679.0
1073,,,1072.0,3004676.0,generation_agent_1,85.0,aggregator_agent,0.0,3.0,85.0,3004679.0
1074,,,1073.0,3004676.0,generation_agent_2,118.0,aggregator_agent,0.0,4.0,118.0,3004680.0
1075,,,1074.0,3004676.0,generation_agent_3,191.0,aggregator_agent,0.0,4.0,191.0,3004680.0
1076,,,1075.0,3004776.0,household_agent_0,53.0,aggregator_agent,0.0,1.0,53.0,3004777.0
1077,,,1076.0,3004776.0,household_agent_1,77.0,aggregator_agent,0.0,1.0,77.0,3004777.0
1078,,,1077.0,3004776.0,household_agent_2,72.0,aggregator_agent,0.0,0.0,72.0,3004776.0
1079,,,1078.0,3004776.0,household_agent_3,163.0,aggregator_agent,0.0,2.0,163.0,3004778.0
1080,,,1079.0,3004776.0,household_agent_4,154.0,aggregator_agent,0.0,2.0,154.0,3004778.0
1081,,,1080.0,3004776.0,household_agent_5,108.0,aggregator_agent,0.0,1.0,108.0,3004777.0
1082,,,1081.0,3004776.0,household_agent_6,140.0,aggregator_agent,0.0,1.0,140.0,3004777.0
1083,,,1082.0,3004776.0,household_agent_7,166.0,aggregator_agent,0.0,2.0,166.0,3004778.0
1084,,,1083.0,3004776.0,household_agent_8,69.0,aggregator_agent,0.0,2.0,69.0,3004778.0
1085,,,1084.0,3004776.0,household_agent_9,104.0,aggregator_agent,0.0,2.0,104.0,3004778.0
1086,,,1085.0,3004776.0,household_agent_10,120.0,aggregator_agent,0.0,3.0,120.0,3004779.0
1087,,,1086.0,3004776.0,household_agent_11,118.0,aggregator_agent,0.0,3.0,118.0,3004779.0
1088,,,1087.0,3004776.0,household_agent_12,83.0,aggregator_agent,0.0,2.0,83.0,3004778.0
1089,,,1088.0,3004776.0,generation_agent_0,158.0,aggregator_agent,0.0,3.0,158.0,3004779.0
1090,,,1089.0,3004776.0,generation_agent_1,137.0,aggregator_agent,0.0,3.0,137.0,3004779.0
1091,,,1090.0,3004776.0,generation_agent_2,189.0,aggregator_agent,0.0,3.0,189.0,3004779.0
1092,,,1091.0,3004776.0,generation_agent_3,68.0,aggregator_agent,0.0,3.0,68.0,3004779.0
1093,,,1092.0,3004804.0,household_agent_0,147.0,aggregator_agent,0.0,1.0,147.0,3004805.0
1094,,,1093.0,3004804.0,household_agent_1,139.0,aggregator_agent,0.0,1.0,139.0,3004805.0
1095,,,1094.0,3004804.0,household_agent_2,97.0,aggregator_agent,0.0,0.0,97.0,3004804.0
1096,,,1095.0,3004804.0,household_agent_3,188.0,aggregator_agent,0.0,2.0,188.0,3004806.0
1097,,,1096.0,3004804.0,household_agent_4,193.0,aggregator_agent,0.0,2.0,193.0,3004806.0
1098,,,1097.0,3004804.0,household_agent_5,72.0,aggregator_agent,0.0,1.0,72.0,3004805.0
1099,,,1098.0,3004804.0,household_agent_6,130.0,aggregator_agent,0.0,1.0,130.0,3004805.0
1100,,,1099.0,3004804.0,household_agent_7,77.0,aggregator_agent,0.0,2.0,77.0,3004806.0
1101,,,1100.0,3004804.0,household_agent_8,175.0,aggregator_agent,0.0,3.0,175.0,3004807.0
1102,,,1101.0,3004804.0,household_agent_9,61.0,aggregator_agent,0.0,3.0,61.0,3004807.0
1103,,,1102.0,3004804.0,household_agent_10,83.0,aggregator_agent,0.0,3.0,83.0,3004807.0
1104,,,1103.0,3004804.0,household_agent_11,161.0,aggregator_agent,0.0,3.0,161.0,3004807.0
1105,,,1104.0,3004804.0,household_agent_12,70.0,aggregator_agent,0.0,2.0,70.0,3004806.0
1106,,,1105.0,3004804.0,generation_agent_0,187.0,aggregator_agent,0.0,3.0,187.0,3004807.0
1107,,,1106.0,3004804.0,generation_agent_1,111.0,aggregator_agent,0.0,3.0,111.0,3004807.0
1108,,,1107.0,3004804.0,generation_agent_2,169.0,aggregator_agent,0.0,4.0,169.0,3004808.0
1109,,,1108.0,3004804.0,generation_agent_3,134.0,aggregator_agent,0.0,4.0,134.0,3004808.0
1110,,,1109.0,3004848.0,household_agent_0,198.0,aggregator_agent,0.0,1.0,198.0,3004849.0
1111,,,1110.0,3004848.0,household_agent_1,151.0,aggregator_agent,0.0,1.0,151.0,3004849.0
1112,,,1111.0,3004848.0,household_agent_2,72.0,aggregator_agent,0.0,0.0,72.0,3004848.0
1113,,,1112.0,3004848.0,household_agent_3,82.0,aggregator_agent,0.0,2.0,82.0,3004850.0
1114,,,1113.0,3004848.0,household_agent_4,168.0,aggregator_agent,0.0,2.0,168.0,3004850.0
1115,,,1114.0,3004848.0,household_agent_5,179.0,aggregator_agent,0.0,1.0,179.0,3004849.0
1116,,,1115.0,3004848.0,household_agent_6,160.0,aggregator_agent,0.0,1.0,160.0,3004849.0
1117,,,1116.0,3004848.0,household_agent_7,154.0,aggregator_agent,0.0,2.0,154.0,3004850.0
1118,,,1117.0,3004848.0,household_agent_8,63.0,aggregator_agent,0.0,2.0,63.0,3004850.0
1119,,,1118.0,3004848.0,household_agent_9,110.0,aggregator_agent,0.0,3.0,110.0,3004851.0
1120,,,1119.0,3004848.0,household_agent_10,124.0,aggregator_agent,0.0,3.0,124.0,3004851.0
1121,,,1120.0,3004848.0,household_agent_11,54.0,aggregator_agent,0.0,3.0,54.0,3004851.0
1122,,,1121.0,3004848.0,household_agent_12,91.0,aggregator_agent,0.0,2.0,91.0,3004850.0
1123,,,1122.0,3004848.0,generation_agent_0,130.0,aggregator_agent,0.0,3.0,130.0,3004851.0
1124,,,1123.0,3004848.0,generation_agent_1,144.0,aggregator_agent,0.0,3.0,144.0,3004851.0
1125,,,1124.0,3004848.0,generation_agent_2,106.0,aggregator_agent,0.0,3.0,106.0,3004851.0
1126,,,1125.0,3004848.0,generation_agent_3,81.0,aggregator_agent,0.0,3.0,81.0,3004851.0
1127,,,1126.0,3004899.0,household_agent_0,82.0,aggregator_agent,0.0,1.0,82.0,3004900.0
1128,,,1127.0,3004899.0,household_agent_1,175.0,aggregator_agent,0.0,1.0,175.0,3004900.0
1129,,,1128.0,3004899.0,household_agent_2,129.0,aggregator_agent,0.0,1.0,129.0,3004900.0
1130,,,1129.0,3004899.0,household_agent_3,182.0,aggregator_agent,0.0,2.0,182.0,3004901.0
1131,,,1130.0,3004899.0,household_agent_4,166.0,aggregator_agent,0.0,2.0,166.0,3004901.0
1132,,,1131.0,3004899.0,household_agent_5,54.0,aggregator_agent,0.0,1.0,54.0,3004900.0
1133,,,1132.0,3004899.0,household_agent_6,105.0,aggregator_agent,0.0,1.0,105.0,3004900.0
1134,,,1133.0,3004899.0,household_agent_7,95.0,aggregator_agent,0.0,2.0,95.0,3004901.0
1135,,,1134.0,3004899.0,household_agent_8,189.0,aggregator_agent,0.0,3.0,189.0,3004902.0
1136,,,1135.0,3004899.0,household_agent_9,86.0,aggregator_agent,0.0,3.0,86.0,3004902.0
1137,,,1136.0,3004899.0,household_agent_10,188.0,aggregator_agent,0.0,3.0,188.0,3004902.0
1138,,,1137.0,3004899.0,household_agent_11,194.0,aggregator_agent,0.0,3.0,194.0,3004902.0
1139,,,1138.0,3004899.0,household_agent_12,134.0,aggregator_agent,0.0,2.0,134.0,3004901.0
1140,,,1139.0,3004899.0,generation_agent_0,178.0,aggregator_agent,0.0,3.0,178.0,3004902.0
1141,,,1140.0,3004899.0,generation_agent_1,83.0,aggregator_agent,0.0,3.0,83.0,3004902.0
1142,,,1141.0,3004899.0,generation_agent_2,186.0,aggregator_agent,0.0,4.0,186.0,3004903.0
1143,,,1142.0,3004899.0,generation_agent_3,100.0,aggregator_agent,0.0,4.0,100.0,3004903.0
1144,,,1143.0,3004928.0,market_agent,196.0,aggregator_agent,0.0,0.0,196.0,3004928.0
1145,,,1145.0,3304998.0,household_agent_0,55.0,aggregator_agent,0.0,1.0,55.0,3304999.0
1146,,,1146.0,3304998.0,household_agent_1,156.0,aggregator_agent,0.0,1.0,156.0,3304999.0
1147,,,1147.0,3304998.0,household_agent_2,197.0,aggregator_agent,0.0,1.0,197.0,3304999.0
1148,,,1148.0,3304998.0,household_agent_3,54.0,aggregator_agent,0.0,1.0,54.0,3304999.0
1149,,,1149.0,3304998.0,household_agent_4,195.0,aggregator_agent,0.0,2.0,195.0,3305000.0
1150,,,1150.0,3304998.0,household_agent_5,161.0,aggregator_agent,0.0,1.0,161.0,3304999.0
1151,,,1151.0,3304998.0,household_agent_6,97.0,aggregator_agent,0.0,1.0,97.0,3304999.0
1152,,,1152.0,3304998.0,household_agent_7,177.0,aggregator_agent,0.0,2.0,177.0,3305000.0
1153,,,1153.0,3304998.0,household_agent_8,189.0,aggregator_agent,0.0,3.0,189.0,3305001.0
1154,,,1154.0,3304998.0,household_agent_9,178.0,aggregator_agent,0.0,3.0,178.0,3305001.0
1155,,,1155.0,3304998.0,household_agent_10,169.0,aggregator_agent,0.0,3.0,169.0,3305001.0
1156,,,1156.0,3304998.0,household_agent_11,199.0,aggregator_agent,0.0,3.0,199.0,3305001.0
1157,,,1157.0,3304998.0,household_agent_12,54.0,aggregator_agent,0.0,2.0,54.0,3305000.0
1158,,,1158.0,3304998.0,generation_agent_0,172.0,aggregator_agent,0.0,3.0,172.0,3305001.0
1159,,,1159.0,3304998.0,generation_agent_1,132.0,aggregator_agent,0.0,4.0,132.0,3305002.0
1160,,,1160.0,3304998.0,generation_agent_2,68.0,aggregator_agent,0.0,4.0,68.0,3305002.0
1161,,,1161.0,3304998.0,generation_agent_3,58.0,aggregator_agent,0.0,4.0,58.0,3305002.0
1162,,,1162.0,3305052.0,household_agent_0,60.0,aggregator_agent,0.0,1.0,60.0,3305053.0
1163,,,1163.0,3305052.0,household_agent_1,128.0,aggregator_agent,0.0,1.0,128.0,3305053.0
1164,,,1164.0,3305052.0,household_agent_2,55.0,aggregator_agent,0.0,0.0,55.0,3305052.0
1165,,,1165.0,3305052.0,household_agent_3,139.0,aggregator_agent,0.0,2.0,139.0,3305054.0
1166,,,1166.0,3305052.0,household_agent_4,123.0,aggregator_agent,0.0,2.0,123.0,3305054.0
1167,,,1167.0,3305052.0,household_agent_5,62.0,aggregator_agent,0.0,1.0,62.0,3305053.0
1168,,,1168.0,3305052.0,household_agent_6,160.0,aggregator_agent,0.0,1.0,160.0,3305053.0
1169,,,1169.0,3305052.0,household_agent_7,75.0,aggregator_agent,0.0,2.0,75.0,3305054.0
1170,,,1170.0,3305052.0,household_agent_8,185.0,aggregator_agent,0.0,2.0,185.0,3305054.0
1171,,,1171.0,3305052.0,household_agent_9,107.0,aggregator_agent,0.0,2.0,107.0,3305054.0
1172,,,1172.0,3305052.0,household_agent_10,159.0,aggregator_agent,0.0,3.0,159.0,3305055.0
1173,,,1173.0,3305052.0,household_agent_11,79.0,aggregator_agent,0.0,3.0,79.0,3305055.0
1174,,,1174.0,3305052.0,household_agent_12,120.0,aggregator_agent,0.0,2.0,120.0,3305054.0
1175,,,1175.0,3305052.0,generation_agent_0,111.0,aggregator_agent,0.0,3.0,111.0,3305055.0
1176,,,1176.0,3305052.0,generation_agent_1,177.0,aggregator_agent,0.0,3.0,177.0,3305055.0
1177,,,1177.0,3305052.0,generation_agent_2,188.0,aggregator_agent,0.0,4.0,188.0,3305056.0
1178,,,1178.0,3305052.0,generation_agent_3,179.0,aggregator_agent,0.0,4.0,179.0,3305056.0
1179,,,1179.0,3305098.0,household_agent_0,172.0,aggregator_agent,0.0,1.0,172.0,3305099.0
1180,,,1180.0,3305098.0,household_agent_1,69.0,aggregator_agent,0.0,1.0,69.0,3305099.0
1181,,,1181.0,3305098.0,household_agent_2,81.0,aggregator_agent,0.0,0.0,81.0,3305098.0
1182,,,1182.0,3305098.0,household_agent_3,133.0,aggregator_agent,0.0,2.0,133.0,3305100.0
1183,,,1183.0,3305098.0,household_agent_4,55.0,aggregator_agent,0.0,2.0,55.0,3305100.0
1184,,,1184.0,3305098.0,household_agent_5,175.0,aggregator_agent,0.0,1.0,175.0,3305099.0
1185,,,1185.0,3305098.0,household_agent_6,82.0,aggregator_agent,0.0,1.0,82.0,3305099.0
1186,,,1186.0,3305098.0,household_agent_7,86.0,aggregator_agent,0.0,2.0,86.0,3305100.0
1187,,,1187.0,3305098.0,household_agent_8,72.0,aggregator_agent,0.0,2.0,72.0,3305100.0
1188,,,1188.0,3305098.0,household_agent_9,189.0,aggregator_agent,0.0,3.0,189.0,3305101.0
1189,,,1189.0,3305098.0,household_agent_10,58.0,aggregator_agent,0.0,3.0,58.0,3305101.0
1190,,,1190.0,3305098.0,household_agent_11,197.0,aggregator_agent,0.0,3.0,197.0,3305101.0
1191,,,1191.0,3305098.0,household_agent_12,117.0,aggregator_agent,0.0,2.0,117.0,3305100.0
1192,,,1192.0,3305098.0,generation_agent_0,164.0,aggregator_agent,0.0,3.0,164.0,3305101.0
1193,,,1193.0,3305098.0,generation_agent_1,86.0,aggregator_agent,0.0,3.0,86.0,3305101.0
1194,,,1194.0,3305098.0,generation_agent_2,115.0,aggregator_agent,0.0,3.0,115.0,3305101.0
1195,,,1195.0,3305098.0,generation_agent_3,157.0,aggregator_agent,0.0,4.0,157.0,3305102.0
1196,,,1196.0,3305172.0,household_agent_0,80.0,aggregator_agent,0.0,1.0,80.0,3305173.0
1197,,,1197.0,3305172.0,household_agent_1,71.0,aggregator_agent,0.0,1.0,71.0,3305173.0
1198,,,1198.0,3305172.0,household_agent_2,189.0,aggregator_agent,0.0,1.0,189.0,3305173.0
1199,,,1199.0,3305172.0,household_agent_3,88.0,aggregator_agent,0.0,2.0,88.0,3305174.0
1200,,,1200.0,3305172.0,household_agent_4,159.0,aggregator_agent,0.0,2.0,159.0,3305174.0
1201,,,1201.0,3305172.0,household_agent_5,137.0,aggregator_agent,0.0,1.0,137.0,3305173.0
1202,,,1202.0,3305172.0,household_agent_6,196.0,aggregator_agent,0.0,1.0,196.0,3305173.0
1203,,,1203.0,3305172.0,household_agent_7,118.0,aggregator_agent,0.0,2.0,118.0,3305174.0
1204,,,1204.0,3305172.0,household_agent_8,136.0,aggregator_agent,0.0,2.0,136.0,3305174.0
1205,,,1205.0,3305172.0,household_agent_9,165.0,aggregator_agent,0.0,3.0,165.0,3305175.0
1206,,,1206.0,3305172.0,household_agent_10,188.0,aggregator_agent,0.0,3.0,188.0,3305175.0
1207,,,1207.0,3305172.0,household_agent_11,55.0,aggregator_agent,0.0,3.0,55.0,3305175.0
1208,,,1208.0,3305172.0,household_agent_12,80.0,aggregator_agent,0.0,2.0,80.0,3305174.0
1209,,,1209.0,3305172.0,generation_agent_0,60.0,aggregator_agent,0.0,3.0,60.0,3305175.0
1210,,,1210.0,3305172.0,generation_agent_1,78.0,aggregator_agent,0.0,3.0,78.0,3305175.0
1211,,,1211.0,3305172.0,generation_agent_2,105.0,aggregator_agent,0.0,3.0,105.0,3305175.0
1212,,,1212.0,3305172.0,generation_agent_3,174.0,aggregator_agent,0.0,4.0,174.0,3305176.0
1213,,,1213.0,3305265.0,household_agent_0,184.0,aggregator_agent,0.0,1.0,184.0,3305266.0
1214,,,1214.0,3305265.0,household_agent_1,83.0,aggregator_agent,0.0,1.0,83.0,3305266.0
1215,,,1215.0,3305265.0,household_agent_2,81.0,aggregator_agent,0.0,0.0,81.0,3305265.0
1216,,,1216.0,3305265.0,household_agent_3,181.0,aggregator_agent,0.0,2.0,181.0,3305267.0
1217,,,1217.0,3305265.0,household_agent_4,194.0,aggregator_agent,0.0,2.0,194.0,3305267.0
1218,,,1218.0,3305265.0,household_agent_5,52.0,aggregator_agent,0.0,1.0,52.0,3305266.0
1219,,,1219.0,3305265.0,household_agent_6,118.0,aggregator_agent,0.0,1.0,118.0,3305266.0
1220,,,1220.0,3305265.0,household_agent_7,52.0,aggregator_agent,0.0,2.0,52.0,3305267.0
1221,,,1221.0,3305265.0,household_agent_8,136.0,aggregator_agent,0.0,2.0,136.0,3305267.0
1222,,,1222.0,3305265.0,household_agent_9,163.0,aggregator_agent,0.0,3.0,163.0,3305268.0
1223,,,1223.0,3305265.0,household_agent_10,67.0,aggregator_agent,0.0,3.0,67.0,3305268.0
1224,,,1224.0,3305265.0,household_agent_11,178.0,aggregator_agent,0.0,3.0,178.0,3305268.0
1225,,,1225.0,3305265.0,household_agent_12,179.0,aggregator_agent,0.0,2.0,179.0,3305267.0
1226,,,1226.0,3305265.0,generation_agent_0,70.0,aggregator_agent,0.0,3.0,70.0,3305268.0
1227,,,1227.0,3305265.0,generation_agent_1,58.0,aggregator_agent,0.0,3.0,58.0,3305268.0
1228,,,1228.0,3305265.0,generation_agent_2,53.0,aggregator_agent,0.0,3.0,53.0,3305268.0
1229,,,1229.0,3305265.0,generation_agent_3,139.0,aggregator_agent,0.0,4.0,139.0,3305269.0
1230,,,1230.0,3305285.0,household_agent_0,157.0,aggregator_agent,0.0,1.0,157.0,3305286.0
1231,,,1231.0,3305285.0,household_agent_1,61.0,aggregator_agent,0.0,1.0,61.0,3305286.0
1232,,,1232.0,3305285.0,household_agent_2,182.0,aggregator_agent,0.0,1.0,182.0,3305286.0
1233,,,1233.0,3305285.0,household_agent_3,137.0,aggregator_agent,0.0,2.0,137.0,3305287.0
1234,,,1234.0,3305285.0,household_agent_4,182.0,aggregator_agent,0.0,2.0,182.0,3305287.0
1235,,,1235.0,3305285.0,household_agent_5,97.0,aggregator_agent,0.0,1.0,97.0,3305286.0
1236,,,1236.0,3305285.0,household_agent_6,68.0,aggregator_agent,0.0,1.0,68.0,3305286.0
1237,,,1237.0,3305285.0,household_agent_7,107.0,aggregator_agent,0.0,2.0,107.0,3305287.0
1238,,,1238.0,3305285.0,household_agent_8,139.0,aggregator_agent,0.0,2.0,139.0,3305287.0
1239,,,1239.0,3305285.0,household_agent_9,174.0,aggregator_agent,0.0,3.0,174.0,3305288.0
1240,,,1240.0,3305285.0,household_agent_10,86.0,aggregator_agent,0.0,3.0,86.0,3305288.0
1241,,,1241.0,3305285.0,household_agent_11,99.0,aggregator_agent,0.0,3.0,99.0,3305288.0
1242,,,1242.0,3305285.0,household_agent_12,86.0,aggregator_agent,0.0,2.0,86.0,3305287.0
1243,,,1243.0,3305285.0,generation_agent_0,136.0,aggregator_agent,0.0,3.0,136.0,3305288.0
1244,,,1244.0,3305285.0,generation_agent_1,166.0,aggregator_agent,0.0,3.0,166.0,3305288.0
1245,,,1245.0,3305285.0,generation_agent_2,112.0,aggregator_agent,0.0,3.0,112.0,3305288.0
1246,,,1246.0,3305285.0,generation_agent_3,131.0,aggregator_agent,0.0,4.0,131.0,3305289.0
1247,,,1247.0,3305308.0,market_agent,150.0,aggregator_agent,0.0,0.0,150.0,3305308.0
1248,,,100000.0,21378.0,aggregator_agent,142.0,household_agent_0,208.0,0.0,142.0,21378.0
1249,,,100001.0,7969.0,aggregator_agent,188.0,household_agent_0,237.0,1.0,188.0,7970.0
1250,,,100002.0,4328.0,aggregator_agent,144.0,household_agent_0,325.0,0.0,144.0,4328.0
1251,,,100003.0,4341.0,aggregator_agent,167.0,household_agent_0,378.0,1.0,167.0,4342.0
1252,,,100004.0,16974.0,aggregator_agent,144.0,household_agent_0,400.0,0.0,144.0,16974.0
1253,,,100005.0,308234.0,aggregator_agent,71.0,household_agent_0,300592.0,0.0,71.0,308234.0
1254,,,100006.0,322436.0,aggregator_agent,149.0,household_agent_0,300635.0,0.0,149.0,322436.0
1255,,,100007.0,306814.0,aggregator_agent,117.0,household_agent_0,300655.0,0.0,117.0,306814.0
1256,,,100008.0,328249.0,aggregator_agent,117.0,household_agent_0,300714.0,0.0,117.0,328249.0
1257,,,100009.0,325380.0,aggregator_agent,153.0,household_agent_0,300761.0,1.0,153.0,325381.0
1258,,,100010.0,625229.0,aggregator_agent,150.0,household_agent_0,601020.0,0.0,150.0,625229.0
1259,,,100011.0,628569.0,aggregator_agent,125.0,household_agent_0,601105.0,0.0,125.0,628569.0
1260,,,100012.0,627807.0,aggregator_agent,186.0,household_agent_0,601178.0,1.0,186.0,627808.0
1261,,,100013.0,606420.0,aggregator_agent,60.0,household_agent_0,601238.0,0.0,60.0,606420.0
1262,,,100014.0,615286.0,aggregator_agent,173.0,household_agent_0,601266.0,1.0,173.0,615287.0
1263,,,100015.0,902942.0,aggregator_agent,138.0,household_agent_0,901544.0,0.0,138.0,902942.0
1264,,,100016.0,910271.0,aggregator_agent,73.0,household_agent_0,901622.0,0.0,73.0,910271.0
1265,,,100017.0,923244.0,aggregator_agent,54.0,household_agent_0,901684.0,0.0,54.0,923244.0
1266,,,100018.0,906629.0,aggregator_agent,134.0,household_agent_0,901716.0,0.0,134.0,906629.0
1267,,,100019.0,908219.0,aggregator_agent,103.0,household_agent_0,901791.0,0.0,103.0,908219.0
1268,,,100020.0,1216207.0,aggregator_agent,102.0,household_agent_0,1201950.0,0.0,102.0,1216207.0
1269,,,100021.0,1218922.0,aggregator_agent,119.0,household_agent_0,1202047.0,0.0,119.0,1218922.0
1270,,,100022.0,1223726.0,aggregator_agent,176.0,household_agent_0,1202116.0,1.0,176.0,1223727.0
1271,,,100023.0,1213902.0,aggregator_agent,132.0,household_agent_0,1202126.0,0.0,132.0,1213902.0
1272,,,100024.0,1209827.0,aggregator_agent,110.0,household_agent_0,1202174.0,0.0,110.0,1209827.0
1273,,,100025.0,1525076.0,aggregator_agent,194.0,household_agent_0,1502273.0,1.0,194.0,1525077.0
1274,,,100026.0,1532066.0,aggregator_agent,124.0,household_agent_0,1502315.0,0.0,124.0,1532066.0
1275,,,100027.0,1510409.0,aggregator_agent,184.0,household_agent_0,1502355.0,1.0,184.0,1510410.0
1276,,,100028.0,1517827.0,aggregator_agent,103.0,household_agent_0,1502388.0,0.0,103.0,1517827.0
1277,,,100029.0,1529058.0,aggregator_agent,60.0,household_agent_0,1502469.0,0.0,60.0,1529058.0
1278,,,100030.0,1818180.0,aggregator_agent,128.0,household_agent_0,1802795.0,0.0,128.0,1818180.0
1279,,,100031.0,1825652.0,aggregator_agent,69.0,household_agent_0,1802859.0,0.0,69.0,1825652.0
1280,,,100032.0,1817962.0,aggregator_agent,126.0,household_agent_0,1802915.0,0.0,126.0,1817962.0
1281,,,100033.0,1816803.0,aggregator_agent,141.0,household_agent_0,1803010.0,0.0,141.0,1816803.0
1282,,,100034.0,1813750.0,aggregator_agent,53.0,household_agent_0,1803109.0,0.0,53.0,1813750.0
1283,,,100035.0,2132265.0,aggregator_agent,156.0,household_agent_0,2103290.0,1.0,156.0,2132266.0
1284,,,100036.0,2130267.0,aggregator_agent,75.0,household_agent_0,2103374.0,0.0,75.0,2130267.0
1285,,,100037.0,2131581.0,aggregator_agent,70.0,household_agent_0,2103455.0,0.0,70.0,2131581.0
1286,,,100038.0,2106789.0,aggregator_agent,59.0,household_agent_0,2103486.0,0.0,59.0,2106789.0
1287,,,100039.0,2120714.0,aggregator_agent,162.0,household_agent_0,2103554.0,1.0,162.0,2120715.0
1288,,,100040.0,2407262.0,aggregator_agent,132.0,household_agent_0,2403806.0,0.0,132.0,2407262.0
1289,,,100041.0,2432067.0,aggregator_agent,94.0,household_agent_0,2403891.0,0.0,94.0,2432067.0
1290,,,100042.0,2405529.0,aggregator_agent,129.0,household_agent_0,2403961.0,0.0,129.0,2405529.0
1291,,,100043.0,2420338.0,aggregator_agent,159.0,household_agent_0,2403972.0,1.0,159.0,2420339.0
1292,,,100044.0,2429745.0,aggregator_agent,198.0,household_agent_0,2403999.0,1.0,198.0,2429746.0
1293,,,100045.0,2722201.0,aggregator_agent,169.0,household_agent_0,2704228.0,1.0,169.0,2722202.0
1294,,,100046.0,2710307.0,aggregator_agent,163.0,household_agent_0,2704242.0,1.0,163.0,2710308.0
1295,,,100047.0,2705571.0,aggregator_agent,60.0,household_agent_0,2704299.0,0.0,60.0,2705571.0
1296,,,100048.0,2707578.0,aggregator_agent,83.0,household_agent_0,2704378.0,0.0,83.0,2707578.0
1297,,,100049.0,2715020.0,aggregator_agent,134.0,household_agent_0,2704443.0,0.0,134.0,2715020.0
1298,,,100050.0,3019320.0,aggregator_agent,80.0,household_agent_0,3004647.0,0.0,80.0,3019320.0
1299,,,100051.0,3026527.0,aggregator_agent,187.0,household_agent_0,3004677.0,1.0,187.0,3026528.0
1300,,,100052.0,3019762.0,aggregator_agent,53.0,household_agent_0,3004777.0,0.0,53.0,3019762.0
1301,,,100053.0,3008737.0,aggregator_agent,147.0,household_agent_0,3004805.0,0.0,147.0,3008737.0
1302,,,100054.0,3018446.0,aggregator_agent,198.0,household_agent_0,3004849.0,1.0,198.0,3018447.0
1303,,,100055.0,3317271.0,aggregator_agent,55.0,household_agent_0,3304999.0,0.0,55.0,3317271.0
1304,,,100056.0,3311441.0,aggregator_agent,60.0,household_agent_0,3305053.0,0.0,60.0,3311441.0
1305,,,100057.0,3319662.0,aggregator_agent,172.0,household_agent_0,3305099.0,1.0,172.0,3319663.0
1306,,,100058.0,3325013.0,aggregator_agent,80.0,household_agent_0,3305173.0,0.0,80.0,3325013.0
1307,,,100059.0,3331991.0,aggregator_agent,184.0,household_agent_0,3305266.0,1.0,184.0,3331992.0
1308,,,100100.0,9969.0,aggregator_agent,179.0,household_agent_1,209.0,1.0,179.0,9970.0
1309,,,100101.0,24958.0,aggregator_agent,172.0,household_agent_1,237.0,1.0,172.0,24959.0
1310,,,100102.0,23615.0,aggregator_agent,123.0,household_agent_1,325.0,0.0,123.0,23615.0
1311,,,100103.0,7146.0,aggregator_agent,102.0,household_agent_1,378.0,0.0,102.0,7146.0
1312,,,100104.0,8474.0,aggregator_agent,56.0,household_agent_1,400.0,0.0,56.0,8474.0
1313,,,100105.0,301990.0,aggregator_agent,104.0,household_agent_1,300592.0,0.0,104.0,301990.0
1314,,,100106.0,305855.0,aggregator_agent,103.0,household_agent_1,300635.0,0.0,103.0,305855.0
1315,,,100107.0,311832.0,aggregator_agent,93.0,household_agent_1,300655.0,0.0,93.0,311832.0
1316,,,100108.0,302626.0,aggregator_agent,52.0,household_agent_1,300714.0,0.0,52.0,302626.0
1317,,,100109.0,303126.0,aggregator_agent,112.0,household_agent_1,300761.0,0.0,112.0,303126.0
1318,,,100110.0,608437.0,aggregator_agent,195.0,household_agent_1,601021.0,1.0,195.0,608438.0
1319,,,100111.0,627210.0,aggregator_agent,97.0,household_agent_1,601105.0,0.0,97.0,627210.0
1320,,,100112.0,611291.0,aggregator_agent,118.0,household_agent_1,601178.0,0.0,118.0,611291.0
1321,,,100113.0,611204.0,aggregator_agent,157.0,household_agent_1,601238.0,1.0,157.0,611205.0
1322,,,100114.0,628321.0,aggregator_agent,61.0,household_agent_1,601266.0,0.0,61.0,628321.0
1323,,,100115.0,925526.0,aggregator_agent,91.0,household_agent_1,901544.0,0.0,91.0,925526.0
1324,,,100116.0,917693.0,aggregator_agent,151.0,household_agent_1,901622.0,0.0,151.0,917693.0
1325,,,100117.0,907473.0,aggregator_agent,135.0,household_agent_1,901684.0,0.0,135.0,907473.0
1326,,,100118.0,920990.0,aggregator_agent,128.0,household_agent_1,901716.0,0.0,128.0,920990.0
1327,,,100119.0,917256.0,aggregator_agent,70.0,household_agent_1,901791.0,0.0,70.0,917256.0
1328,,,100120.0,1212929.0,aggregator_agent,95.0,household_agent_1,1201950.0,0.0,95.0,1212929.0
1329,,,100121.0,1220812.0,aggregator_agent,188.0,household_agent_1,1202047.0,1.0,188.0,1220813.0
1330,,,100122.0,1214775.0,aggregator_agent,75.0,household_agent_1,1202116.0,0.0,75.0,1214775.0
1331,,,100123.0,1203900.0,aggregator_agent,103.0,household_agent_1,1202126.0,0.0,103.0,1203900.0
1332,,,100124.0,1228870.0,aggregator_agent,92.0,household_agent_1,1202174.0,0.0,92.0,1228870.0
1333,,,100125.0,1506440.0,aggregator_agent,118.0,household_agent_1,1502273.0,0.0,118.0,1506440.0
1334,,,100126.0,1512317.0,aggregator_agent,95.0,household_agent_1,1502315.0,0.0,95.0,1512317.0
1335,,,100127.0,1504547.0,aggregator_agent,63.0,household_agent_1,1502355.0,0.0,63.0,1504547.0
1336,,,100128.0,1511430.0,aggregator_agent,64.0,household_agent_1,1502388.0,0.0,64.0,1511430.0
1337,,,100129.0,1517657.0,aggregator_agent,56.0,household_agent_1,1502469.0,0.0,56.0,1517657.0
1338,,,100130.0,1825932.0,aggregator_agent,111.0,household_agent_1,1802795.0,0.0,111.0,1825932.0
1339,,,100131.0,1828108.0,aggregator_agent,145.0,household_agent_1,1802859.0,0.0,145.0,1828108.0
1340,,,100132.0,1822673.0,aggregator_agent,139.0,household_agent_1,1802915.0,0.0,139.0,1822673.0
1341,,,100133.0,1830338.0,aggregator_agent,81.0,household_agent_1,1803010.0,0.0,81.0,1830338.0
1342,,,100134.0,1820528.0,aggregator_agent,113.0,household_agent_1,1803109.0,0.0,113.0,1820528.0
1343,,,100135.0,2114282.0,aggregator_agent,141.0,household_agent_1,2103290.0,0.0,141.0,2114282.0
1344,,,100136.0,2120279.0,aggregator_agent,84.0,household_agent_1,2103374.0,0.0,84.0,2120279.0
1345,,,100137.0,2121156.0,aggregator_agent,152.0,household_agent_1,2103455.0,1.0,152.0,2121157.0
1346,,,100138.0,2104732.0,aggregator_agent,197.0,household_agent_1,2103487.0,1.0,197.0,2104733.0
1347,,,100139.0,2117644.0,aggregator_agent,132.0,household_agent_1,2103554.0,0.0,132.0,2117644.0
1348,,,100140.0,2413782.0,aggregator_agent,85.0,household_agent_1,2403806.0,0.0,85.0,2413782.0
1349,,,100141.0,2406257.0,aggregator_agent,81.0,household_agent_1,2403891.0,0.0,81.0,2406257.0
1350,,,100142.0,2426992.0,aggregator_agent,178.0,household_agent_1,2403961.0,1.0,178.0,2426993.0
1351,,,100143.0,2429092.0,aggregator_agent,104.0,household_agent_1,2403972.0,0.0,104.0,2429092.0
1352,,,100144.0,2420481.0,aggregator_agent,142.0,household_agent_1,2403999.0,0.0,142.0,2420481.0
1353,,,100145.0,2712001.0,aggregator_agent,114.0,household_agent_1,2704228.0,0.0,114.0,2712001.0
1354,,,100146.0,2713961.0,aggregator_agent,142.0,household_agent_1,2704242.0,0.0,142.0,2713961.0
1355,,,100147.0,2709975.0,aggregator_agent,177.0,household_agent_1,2704299.0,1.0,177.0,2709976.0
1356,,,100148.0,2722844.0,aggregator_agent,170.0,household_agent_1,2704378.0,1.0,170.0,2722845.0
1357,,,100149.0,2712418.0,aggregator_agent,58.0,household_agent_1,2704443.0,0.0,58.0,2712418.0
1358,,,100150.0,3034139.0,aggregator_agent,141.0,household_agent_1,3004647.0,0.0,141.0,3034139.0
1359,,,100151.0,3010594.0,aggregator_agent,189.0,household_agent_1,3004678.0,1.0,189.0,3010595.0
1360,,,100152.0,3024505.0,aggregator_agent,77.0,household_agent_1,3004777.0,0.0,77.0,3024505.0
1361,,,100153.0,3017263.0,aggregator_agent,139.0,household_agent_1,3004805.0,0.0,139.0,3017263.0
1362,,,100154.0,3032031.0,aggregator_agent,151.0,household_agent_1,3004849.0,0.0,151.0,3032031.0
1363,,,100155.0,3326757.0,aggregator_agent,156.0,household_agent_1,3304999.0,1.0,156.0,3326758.0
1364,,,100156.0,3334201.0,aggregator_agent,128.0,household_agent_1,3305053.0,0.0,128.0,3334201.0
1365,,,100157.0,3311951.0,aggregator_agent,69.0,household_agent_1,3305099.0,0.0,69.0,3311951.0
1366,,,100158.0,3329416.0,aggregator_agent,71.0,household_agent_1,3305173.0,0.0,71.0,3329416.0
1367,,,100159.0,3322550.0,aggregator_agent,83.0,household_agent_1,3305266.0,0.0,83.0,3322550.0
1368,,,100200.0,27278.0,aggregator_agent,194.0,household_agent_2,208.0,0.0,194.0,27278.0
1369,,,100201.0,19783.0,aggregator_agent,117.0,household_agent_2,236.0,0.0,117.0,19783.0
1370,,,100202.0,18792.0,aggregator_agent,161.0,household_agent_2,325.0,0.0,161.0,18792.0
1371,,,100203.0,26563.0,aggregator_agent,134.0,household_agent_2,378.0,0.0,134.0,26563.0
1372,,,100204.0,8031.0,aggregator_agent,57.0,household_agent_2,399.0,0.0,57.0,8031.0
1373,,,100205.0,315644.0,aggregator_agent,140.0,household_agent_2,300592.0,0.0,140.0,315644.0
1374,,,100206.0,308949.0,aggregator_agent,192.0,household_agent_2,300635.0,0.0,192.0,308949.0
1375,,,100207.0,315702.0,aggregator_agent,121.0,household_agent_2,300655.0,0.0,121.0,315702.0
1376,,,100208.0,314792.0,aggregator_agent,141.0,household_agent_2,300714.0,0.0,141.0,314792.0
1377,,,100209.0,328415.0,aggregator_agent,187.0,household_agent_2,300761.0,0.0,187.0,328415.0
1378,,,100210.0,608098.0,aggregator_agent,161.0,household_agent_2,601020.0,0.0,161.0,608098.0
1379,,,100211.0,625370.0,aggregator_agent,171.0,household_agent_2,601105.0,0.0,171.0,625370.0
1380,,,100212.0,609354.0,aggregator_agent,167.0,household_agent_2,601178.0,0.0,167.0,609354.0
1381,,,100213.0,627065.0,aggregator_agent,131.0,household_agent_2,601238.0,0.0,131.0,627065.0
1382,,,100214.0,607694.0,aggregator_agent,133.0,household_agent_2,601266.0,0.0,133.0,607694.0
1383,,,100215.0,919871.0,aggregator_agent,110.0,household_agent_2,901543.0,0.0,110.0,919871.0
1384,,,100216.0,920834.0,aggregator_agent,87.0,household_agent_2,901621.0,0.0,87.0,920834.0
1385,,,100217.0,912179.0,aggregator_agent,50.0,household_agent_2,901683.0,0.0,50.0,912179.0
1386,,,100218.0,927047.0,aggregator_agent,55.0,household_agent_2,901715.0,0.0,55.0,927047.0
1387,,,100219.0,904405.0,aggregator_agent,89.0,household_agent_2,901790.0,0.0,89.0,904405.0
1388,,,100220.0,1210739.0,aggregator_agent,83.0,household_agent_2,1201949.0,0.0,83.0,1210739.0
1389,,,100221.0,1207020.0,aggregator_agent,57.0,household_agent_2,1202046.0,0.0,57.0,1207020.0
1390,,,100222.0,1214364.0,aggregator_agent,150.0,household_agent_2,1202116.0,0.0,150.0,1214364.0
1391,,,100223.0,1203195.0,aggregator_agent,52.0,household_agent_2,1202125.0,0.0,52.0,1203195.0
1392,,,100224.0,1210163.0,aggregator_agent,153.0,household_agent_2,1202174.0,0.0,153.0,1210163.0
1393,,,100225.0,1508103.0,aggregator_agent,113.0,household_agent_2,1502272.0,0.0,113.0,1508103.0
1394,,,100226.0,1526753.0,aggregator_agent,77.0,household_agent_2,1502314.0,0.0,77.0,1526753.0
1395,,,100227.0,1526443.0,aggregator_agent,127.0,household_agent_2,1502355.0,0.0,127.0,1526443.0
1396,,,100228.0,1531435.0,aggregator_agent,98.0,household_agent_2,1502387.0,0.0,98.0,1531435.0
1397,,,100229.0,1529446.0,aggregator_agent,93.0,household_agent_2,1502468.0,0.0,93.0,1529446.0
1398,,,100230.0,1804626.0,aggregator_agent,105.0,household_agent_2,1802794.0,0.0,105.0,1804626.0
1399,,,100231.0,1804519.0,aggregator_agent,168.0,household_agent_2,1802859.0,0.0,168.0,1804519.0
1400,,,100232.0,1825480.0,aggregator_agent,194.0,household_agent_2,1802915.0,0.0,194.0,1825480.0
1401,,,100233.0,1808935.0,aggregator_agent,131.0,household_agent_2,1803010.0,0.0,131.0,1808935.0
1402,,,100234.0,1832360.0,aggregator_agent,123.0,household_agent_2,1803109.0,0.0,123.0,1832360.0
1403,,,100235.0,2105051.0,aggregator_agent,99.0,household_agent_2,2103289.0,0.0,99.0,2105051.0
1404,,,100236.0,2120317.0,aggregator_agent,166.0,household_agent_2,2103374.0,0.0,166.0,2120317.0
1405,,,100237.0,2114229.0,aggregator_agent,86.0,household_agent_2,2103454.0,0.0,86.0,2114229.0
1406,,,100238.0,2128406.0,aggregator_agent,108.0,household_agent_2,2103485.0,0.0,108.0,2128406.0
1407,,,100239.0,2127515.0,aggregator_agent,91.0,household_agent_2,2103553.0,0.0,91.0,2127515.0
1408,,,100240.0,2411928.0,aggregator_agent,147.0,household_agent_2,2403806.0,0.0,147.0,2411928.0
1409,,,100241.0,2423715.0,aggregator_agent,134.0,household_agent_2,2403891.0,0.0,134.0,2423715.0
1410,,,100242.0,2410344.0,aggregator_agent,80.0,household_agent_2,2403960.0,0.0,80.0,2410344.0
1411,,,100243.0,2408166.0,aggregator_agent,67.0,household_agent_2,2403971.0,0.0,67.0,2408166.0
1412,,,100244.0,2430827.0,aggregator_agent,109.0,household_agent_2,2403998.0,0.0,109.0,2430827.0
1413,,,100245.0,2722935.0,aggregator_agent,114.0,household_agent_2,2704227.0,0.0,114.0,2722935.0
1414,,,100246.0,2730743.0,aggregator_agent,183.0,household_agent_2,2704242.0,0.0,183.0,2730743.0
1415,,,100247.0,2723129.0,aggregator_agent,137.0,household_agent_2,2704299.0,0.0,137.0,2723129.0
1416,,,100248.0,2726325.0,aggregator_agent,192.0,household_agent_2,2704378.0,0.0,192.0,2726325.0
1417,,,100249.0,2719826.0,aggregator_agent,164.0,household_agent_2,2704443.0,0.0,164.0,2719826.0
1418,,,100250.0,3021012.0,aggregator_agent,64.0,household_agent_2,3004646.0,0.0,64.0,3021012.0
1419,,,100251.0,3023927.0,aggregator_agent,175.0,household_agent_2,3004677.0,0.0,175.0,3023927.0
1420,,,100252.0,3032072.0,aggregator_agent,72.0,household_agent_2,3004776.0,0.0,72.0,3032072.0
1421,,,100253.0,3024776.0,aggregator_agent,97.0,household_agent_2,3004804.0,0.0,97.0,3024776.0
1422,,,100254.0,3031561.0,aggregator_agent,72.0,household_agent_2,3004848.0,0.0,72.0,3031561.0
1423,,,100255.0,3319233.0,aggregator_agent,197.0,household_agent_2,3304999.0,0.0,197.0,3319233.0
1424,,,100256.0,3334932.0,aggregator_agent,55.0,household_agent_2,3305052.0,0.0,55.0,3334932.0
1425,,,100257.0,3333038.0,aggregator_agent,81.0,household_agent_2,3305098.0,0.0,81.0,3333038.0
1426,,,100258.0,3309303.0,aggregator_agent,189.0,household_agent_2,3305173.0,0.0,189.0,3309303.0
1427,,,100259.0,3309633.0,aggregator_agent,81.0,household_agent_2,3305265.0,0.0,81.0,3309633.0
1428,,,100300.0,15934.0,aggregator_agent,159.0,household_agent_3,209.0,1.0,159.0,15935.0
1429,,,100301.0,15381.0,aggregator_agent,195.0,household_agent_3,238.0,1.0,195.0,15382.0
1430,,,100302.0,19594.0,aggregator_agent,184.0,household_agent_3,326.0,1.0,184.0,19595.0
1431,,,100303.0,12815.0,aggregator_agent,131.0,household_agent_3,379.0,0.0,131.0,12815.0
1432,,,100304.0,15553.0,aggregator_agent,51.0,household_agent_3,400.0,0.0,51.0,15553.0
1433,,,100305.0,305162.0,aggregator_agent,91.0,household_agent_3,300593.0,0.0,91.0,305162.0
1434,,,100306.0,328547.0,aggregator_agent,168.0,household_agent_3,300636.0,1.0,168.0,328548.0
1435,,,100307.0,318947.0,aggregator_agent,138.0,household_agent_3,300656.0,0.0,138.0,318947.0
1436,,,100308.0,320384.0,aggregator_agent,58.0,household_agent_3,300714.0,0.0,58.0,320384.0
1437,,,100309.0,314091.0,aggregator_agent,174.0,household_agent_3,300762.0,1.0,174.0,314092.0
1438,,,100310.0,608466.0,aggregator_agent,115.0,household_agent_3,601021.0,0.0,115.0,608466.0
1439,,,100311.0,630700.0,aggregator_agent,173.0,household_agent_3,601106.0,1.0,173.0,630701.0
1440,,,100312.0,617247.0,aggregator_agent,159.0,household_agent_3,601179.0,1.0,159.0,617248.0
1441,,,100313.0,623172.0,aggregator_agent,70.0,household_agent_3,601238.0,0.0,70.0,623172.0
1442,,,100314.0,625594.0,aggregator_agent,67.0,household_agent_3,601267.0,0.0,67.0,625594.0
1443,,,100315.0,930093.0,aggregator_agent,54.0,household_agent_3,901544.0,0.0,54.0,930093.0
1444,,,100316.0,923046.0,aggregator_agent,194.0,household_agent_3,901623.0,1.0,194.0,923047.0
1445,,,100317.0,907395.0,aggregator_agent,51.0,household_agent_3,901684.0,0.0,51.0,907395.0
1446,,,100318.0,903271.0,aggregator_agent,179.0,household_agent_3,901717.0,1.0,179.0,903272.0
1447,,,100319.0,916222.0,aggregator_agent,187.0,household_agent_3,901792.0,1.0,187.0,916223.0
1448,,,100320.0,1215042.0,aggregator_agent,153.0,household_agent_3,1201951.0,1.0,153.0,1215043.0
1449,,,100321.0,1228940.0,aggregator_agent,152.0,household_agent_3,1202048.0,1.0,152.0,1228941.0
1450,,,100322.0,1217623.0,aggregator_agent,82.0,household_agent_3,1202117.0,0.0,82.0,1217623.0
1451,,,100323.0,1218883.0,aggregator_agent,154.0,household_agent_3,1202127.0,1.0,154.0,1218884.0
1452,,,100324.0,1215534.0,aggregator_agent,197.0,household_agent_3,1202175.0,1.0,197.0,1215535.0
1453,,,100325.0,1528188.0,aggregator_agent,157.0,household_agent_3,1502274.0,1.0,157.0,1528189.0
1454,,,100326.0,1504981.0,aggregator_agent,153.0,household_agent_3,1502316.0,1.0,153.0,1504982.0
1455,,,100327.0,1527616.0,aggregator_agent,183.0,household_agent_3,1502356.0,1.0,183.0,1527617.0
1456,,,100328.0,1526973.0,aggregator_agent,160.0,household_agent_3,1502389.0,1.0,160.0,1526974.0
1457,,,100329.0,1510101.0,aggregator_agent,197.0,household_agent_3,1502470.0,1.0,197.0,1510102.0
1458,,,100330.0,1822524.0,aggregator_agent,63.0,household_agent_3,1802795.0,0.0,63.0,1822524.0
1459,,,100331.0,1821435.0,aggregator_agent,166.0,household_agent_3,1802860.0,1.0,166.0,1821436.0
1460,,,100332.0,1828589.0,aggregator_agent,88.0,household_agent_3,1802916.0,0.0,88.0,1828589.0
1461,,,100333.0,1815886.0,aggregator_agent,135.0,household_agent_3,1803011.0,0.0,135.0,1815886.0
1462,,,100334.0,1830537.0,aggregator_agent,168.0,household_agent_3,1803110.0,1.0,168.0,1830538.0
1463,,,100335.0,2118807.0,aggregator_agent,150.0,household_agent_3,2103291.0,0.0,150.0,2118807.0
1464,,,100336.0,2128140.0,aggregator_agent,90.0,household_agent_3,2103374.0,0.0,90.0,2128140.0
1465,,,100337.0,2127499.0,aggregator_agent,99.0,household_agent_3,2103455.0,0.0,99.0,2127499.0
1466,,,100338.0,2120886.0,aggregator_agent,98.0,household_agent_3,2103487.0,0.0,98.0,2120886.0
1467,,,100339.0,2110972.0,aggregator_agent,191.0,household_agent_3,2103555.0,1.0,191.0,2110973.0
1468,,,100340.0,2431002.0,aggregator_agent,178.0,household_agent_3,2403807.0,1.0,178.0,2431003.0
1469,,,100341.0,2420341.0,aggregator_agent,91.0,household_agent_3,2403892.0,0.0,91.0,2420341.0
1470,,,100342.0,2428507.0,aggregator_agent,183.0,household_agent_3,2403962.0,1.0,183.0,2428508.0
1471,,,100343.0,2425478.0,aggregator_agent,193.0,household_agent_3,2403973.0,1.0,193.0,2425479.0
1472,,,100344.0,2421622.0,aggregator_agent,58.0,household_agent_3,2404000.0,0.0,58.0,2421622.0
1473,,,100345.0,2729884.0,aggregator_agent,198.0,household_agent_3,2704229.0,1.0,198.0,2729885.0
1474,,,100346.0,2716172.0,aggregator_agent,142.0,household_agent_3,2704243.0,0.0,142.0,2716172.0
1475,,,100347.0,2714322.0,aggregator_agent,148.0,household_agent_3,2704300.0,0.0,148.0,2714322.0
1476,,,100348.0,2724397.0,aggregator_agent,87.0,household_agent_3,2704379.0,0.0,87.0,2724397.0
1477,,,100349.0,2729920.0,aggregator_agent,114.0,household_agent_3,2704444.0,0.0,114.0,2729920.0
1478,,,100350.0,3008423.0,aggregator_agent,189.0,household_agent_3,3004648.0,1.0,189.0,3008424.0
1479,,,100351.0,3008245.0,aggregator_agent,55.0,household_agent_3,3004678.0,0.0,55.0,3008245.0
1480,,,100352.0,3029543.0,aggregator_agent,163.0,household_agent_3,3004778.0,1.0,163.0,3029544.0
1481,,,100353.0,3012484.0,aggregator_agent,188.0,household_agent_3,3004806.0,1.0,188.0,3012485.0
1482,,,100354.0,3020180.0,aggregator_agent,82.0,household_agent_3,3004850.0,0.0,82.0,3020180.0
1483,,,100355.0,3320497.0,aggregator_agent,54.0,household_agent_3,3304999.0,0.0,54.0,3320497.0
1484,,,100356.0,3306740.0,aggregator_agent,139.0,household_agent_3,3305054.0,0.0,139.0,3306740.0
1485,,,100357.0,3325927.0,aggregator_agent,133.0,household_agent_3,3305100.0,0.0,133.0,3325927.0
1486,,,100358.0,3307795.0,aggregator_agent,88.0,household_agent_3,3305174.0,0.0,88.0,3307795.0
1487,,,100359.0,3330621.0,aggregator_agent,181.0,household_agent_3,3305267.0,1.0,181.0,3330622.0
1488,,,100400.0,9676.0,aggregator_agent,181.0,household_agent_4,209.0,1.0,181.0,9677.0
1489,,,100401.0,26162.0,aggregator_agent,177.0,household_agent_4,238.0,1.0,177.0,26163.0
1490,,,100402.0,28710.0,aggregator_agent,100.0,household_agent_4,326.0,0.0,100.0,28710.0
1491,,,100403.0,20672.0,aggregator_agent,114.0,household_agent_4,379.0,0.0,114.0,20672.0
1492,,,100404.0,21919.0,aggregator_agent,78.0,household_agent_4,401.0,0.0,78.0,21919.0
1493,,,100405.0,329028.0,aggregator_agent,67.0,household_agent_4,300593.0,0.0,67.0,329028.0
1494,,,100406.0,328272.0,aggregator_agent,109.0,household_agent_4,300636.0,0.0,109.0,328272.0
1495,,,100407.0,311020.0,aggregator_agent,52.0,household_agent_4,300656.0,0.0,52.0,311020.0
1496,,,100408.0,328583.0,aggregator_agent,120.0,household_agent_4,300715.0,0.0,120.0,328583.0
1497,,,100409.0,328190.0,aggregator_agent,162.0,household_agent_4,300762.0,1.0,162.0,328191.0
1498,,,100410.0,618097.0,aggregator_agent,98.0,household_agent_4,601021.0,0.0,98.0,618097.0
1499,,,100411.0,629687.0,aggregator_agent,146.0,household_agent_4,601106.0,0.0,146.0,629687.0
1500,,,100412.0,630662.0,aggregator_agent,103.0,household_agent_4,601179.0,0.0,103.0,630662.0
1501,,,100413.0,626056.0,aggregator_agent,123.0,household_agent_4,601239.0,0.0,123.0,626056.0
1502,,,100414.0,603519.0,aggregator_agent,182.0,household_agent_4,601267.0,1.0,182.0,603520.0
1503,,,100415.0,908514.0,aggregator_agent,136.0,household_agent_4,901545.0,0.0,136.0,908514.0
1504,,,100416.0,912347.0,aggregator_agent,151.0,household_agent_4,901623.0,0.0,151.0,912347.0
1505,,,100417.0,910462.0,aggregator_agent,200.0,household_agent_4,901685.0,1.0,200.0,910463.0
1506,,,100418.0,920297.0,aggregator_agent,197.0,household_agent_4,901717.0,1.0,197.0,920298.0
1507,,,100419.0,908820.0,aggregator_agent,154.0,household_agent_4,901792.0,1.0,154.0,908821.0
1508,,,100420.0,1220494.0,aggregator_agent,157.0,household_agent_4,1201951.0,1.0,157.0,1220495.0
1509,,,100421.0,1222324.0,aggregator_agent,183.0,household_agent_4,1202048.0,1.0,183.0,1222325.0
1510,,,100422.0,1211197.0,aggregator_agent,107.0,household_agent_4,1202117.0,0.0,107.0,1211197.0
1511,,,100423.0,1221519.0,aggregator_agent,163.0,household_agent_4,1202127.0,1.0,163.0,1221520.0
1512,,,100424.0,1225488.0,aggregator_agent,141.0,household_agent_4,1202175.0,0.0,141.0,1225488.0
1513,,,100425.0,1515105.0,aggregator_agent,133.0,household_agent_4,1502274.0,0.0,133.0,1515105.0
1514,,,100426.0,1508774.0,aggregator_agent,59.0,household_agent_4,1502316.0,0.0,59.0,1508774.0
1515,,,100427.0,1506083.0,aggregator_agent,193.0,household_agent_4,1502356.0,1.0,193.0,1506084.0
1516,,,100428.0,1514294.0,aggregator_agent,133.0,household_agent_4,1502389.0,0.0,133.0,1514294.0
1517,,,100429.0,1520526.0,aggregator_agent,84.0,household_agent_4,1502470.0,0.0,84.0,1520526.0
1518,,,100430.0,1806548.0,aggregator_agent,129.0,household_agent_4,1802796.0,0.0,129.0,1806548.0
1519,,,100431.0,1826360.0,aggregator_agent,118.0,household_agent_4,1802860.0,0.0,118.0,1826360.0
1520,,,100432.0,1810099.0,aggregator_agent,121.0,household_agent_4,1802916.0,0.0,121.0,1810099.0
1521,,,100433.0,1813044.0,aggregator_agent,73.0,household_agent_4,1803011.0,0.0,73.0,1813044.0
1522,,,100434.0,1812361.0,aggregator_agent,172.0,household_agent_4,1803110.0,1.0,172.0,1812362.0
1523,,,100435.0,2106803.0,aggregator_agent,175.0,household_agent_4,2103291.0,1.0,175.0,2106804.0
1524,,,100436.0,2117189.0,aggregator_agent,62.0,household_agent_4,2103375.0,0.0,62.0,2117189.0
1525,,,100437.0,2108609.0,aggregator_agent,103.0,household_agent_4,2103456.0,0.0,103.0,2108609.0
1526,,,100438.0,2125596.0,aggregator_agent,186.0,household_agent_4,2103487.0,1.0,186.0,2125597.0
1527,,,100439.0,2123246.0,aggregator_agent,132.0,household_agent_4,2103555.0,0.0,132.0,2123246.0
1528,,,100440.0,2412858.0,aggregator_agent,103.0,household_agent_4,2403807.0,0.0,103.0,2412858.0
1529,,,100441.0,2422999.0,aggregator_agent,105.0,household_agent_4,2403892.0,0.0,105.0,2422999.0
1530,,,100442.0,2414737.0,aggregator_agent,77.0,household_agent_4,2403962.0,0.0,77.0,2414737.0
1531,,,100443.0,2433102.0,aggregator_agent,93.0,household_agent_4,2403973.0,0.0,93.0,2433102.0
1532,,,100444.0,2414594.0,aggregator_agent,134.0,household_agent_4,2404000.0,0.0,134.0,2414594.0
1533,,,100445.0,2715382.0,aggregator_agent,174.0,household_agent_4,2704229.0,1.0,174.0,2715383.0
1534,,,100446.0,2710139.0,aggregator_agent,81.0,household_agent_4,2704243.0,0.0,81.0,2710139.0
1535,,,100447.0,2720442.0,aggregator_agent,180.0,household_agent_4,2704300.0,1.0,180.0,2720443.0
1536,,,100448.0,2711156.0,aggregator_agent,150.0,household_agent_4,2704379.0,0.0,150.0,2711156.0
1537,,,100449.0,2721283.0,aggregator_agent,134.0,household_agent_4,2704444.0,0.0,134.0,2721283.0
1538,,,100450.0,3030291.0,aggregator_agent,115.0,household_agent_4,3004648.0,0.0,115.0,3030291.0
1539,,,100451.0,3031536.0,aggregator_agent,75.0,household_agent_4,3004678.0,0.0,75.0,3031536.0
1540,,,100452.0,3027310.0,aggregator_agent,154.0,household_agent_4,3004778.0,1.0,154.0,3027311.0
1541,,,100453.0,3006120.0,aggregator_agent,193.0,household_agent_4,3004806.0,1.0,193.0,3006121.0
1542,,,100454.0,3029351.0,aggregator_agent,168.0,household_agent_4,3004850.0,1.0,168.0,3029352.0
1543,,,100455.0,3316313.0,aggregator_agent,195.0,household_agent_4,3305000.0,1.0,195.0,3316314.0
1544,,,100456.0,3318068.0,aggregator_agent,123.0,household_agent_4,3305054.0,0.0,123.0,3318068.0
1545,,,100457.0,3333352.0,aggregator_agent,55.0,household_agent_4,3305100.0,0.0,55.0,3333352.0
1546,,,100458.0,3333122.0,aggregator_agent,159.0,household_agent_4,3305174.0,1.0,159.0,3333123.0
1547,,,100459.0,3309399.0,aggregator_agent,194.0,household_agent_4,3305267.0,1.0,194.0,3309400.0
1548,,,100500.0,2002.0,aggregator_agent,98.0,household_agent_5,208.0,0.0,98.0,2002.0
1549,,,100501.0,23987.0,aggregator_agent,110.0,household_agent_5,237.0,0.0,110.0,23987.0
1550,,,100502.0,18510.0,aggregator_agent,139.0,household_agent_5,325.0,0.0,139.0,18510.0
1551,,,100503.0,29237.0,aggregator_agent,165.0,household_agent_5,378.0,0.0,165.0,29237.0
1552,,,100504.0,16845.0,aggregator_agent,193.0,household_agent_5,400.0,0.0,193.0,16845.0
1553,,,100505.0,325134.0,aggregator_agent,189.0,household_agent_5,300592.0,0.0,189.0,325134.0
1554,,,100506.0,326212.0,aggregator_agent,96.0,household_agent_5,300635.0,0.0,96.0,326212.0
1555,,,100507.0,313681.0,aggregator_agent,152.0,household_agent_5,300655.0,0.0,152.0,313681.0
1556,,,100508.0,315923.0,aggregator_agent,194.0,household_agent_5,300714.0,0.0,194.0,315923.0
1557,,,100509.0,323890.0,aggregator_agent,176.0,household_agent_5,300761.0,0.0,176.0,323890.0
1558,,,100510.0,624425.0,aggregator_agent,170.0,household_agent_5,601020.0,0.0,170.0,624425.0
1559,,,100511.0,616353.0,aggregator_agent,159.0,household_agent_5,601105.0,0.0,159.0,616353.0
1560,,,100512.0,619824.0,aggregator_agent,156.0,household_agent_5,601178.0,0.0,156.0,619824.0
1561,,,100513.0,621424.0,aggregator_agent,181.0,household_agent_5,601238.0,0.0,181.0,621424.0
1562,,,100514.0,603366.0,aggregator_agent,157.0,household_agent_5,601266.0,0.0,157.0,603366.0
1563,,,100515.0,931325.0,aggregator_agent,77.0,household_agent_5,901544.0,0.0,77.0,931325.0
1564,,,100516.0,920802.0,aggregator_agent,68.0,household_agent_5,901622.0,0.0,68.0,920802.0
1565,,,100517.0,930974.0,aggregator_agent,72.0,household_agent_5,901684.0,0.0,72.0,930974.0
1566,,,100518.0,909824.0,aggregator_agent,122.0,household_agent_5,901716.0,0.0,122.0,909824.0
1567,,,100519.0,915901.0,aggregator_agent,175.0,household_agent_5,901791.0,0.0,175.0,915901.0
1568,,,100520.0,1223974.0,aggregator_agent,82.0,household_agent_5,1201950.0,0.0,82.0,1223974.0
1569,,,100521.0,1213619.0,aggregator_agent,156.0,household_agent_5,1202047.0,0.0,156.0,1213619.0
1570,,,100522.0,1211104.0,aggregator_agent,77.0,household_agent_5,1202116.0,0.0,77.0,1211104.0
1571,,,100523.0,1209639.0,aggregator_agent,86.0,household_agent_5,1202126.0,0.0,86.0,1209639.0
1572,,,100524.0,1211898.0,aggregator_agent,191.0,household_agent_5,1202174.0,0.0,191.0,1211898.0
1573,,,100525.0,1512579.0,aggregator_agent,107.0,household_agent_5,1502273.0,0.0,107.0,1512579.0
1574,,,100526.0,1516167.0,aggregator_agent,154.0,household_agent_5,1502315.0,0.0,154.0,1516167.0
1575,,,100527.0,1514371.0,aggregator_agent,86.0,household_agent_5,1502355.0,0.0,86.0,1514371.0
1576,,,100528.0,1517787.0,aggregator_agent,60.0,household_agent_5,1502388.0,0.0,60.0,1517787.0
1577,,,100529.0,1507679.0,aggregator_agent,187.0,household_agent_5,1502469.0,0.0,187.0,1507679.0
1578,,,100530.0,1828055.0,aggregator_agent,140.0,household_agent_5,1802795.0,0.0,140.0,1828055.0
1579,,,100531.0,1803939.0,aggregator_agent,127.0,household_agent_5,1802859.0,0.0,127.0,1803939.0
1580,,,100532.0,1813367.0,aggregator_agent,155.0,household_agent_5,1802915.0,0.0,155.0,1813367.0
1581,,,100533.0,1809026.0,aggregator_agent,141.0,household_agent_5,1803010.0,0.0,141.0,1809026.0
1582,,,100534.0,1813195.0,aggregator_agent,198.0,household_agent_5,1803109.0,0.0,198.0,1813195.0
1583,,,100535.0,2106859.0,aggregator_agent,62.0,household_agent_5,2103290.0,0.0,62.0,2106859.0
1584,,,100536.0,2131052.0,aggregator_agent,53.0,household_agent_5,2103374.0,0.0,53.0,2131052.0
1585,,,100537.0,2105319.0,aggregator_agent,70.0,household_agent_5,2103455.0,0.0,70.0,2105319.0
1586,,,100538.0,2112971.0,aggregator_agent,168.0,household_agent_5,2103486.0,0.0,168.0,2112971.0
1587,,,100539.0,2107656.0,aggregator_agent,126.0,household_agent_5,2103554.0,0.0,126.0,2107656.0
1588,,,100540.0,2422699.0,aggregator_agent,63.0,household_agent_5,2403806.0,0.0,63.0,2422699.0
1589,,,100541.0,2414295.0,aggregator_agent,92.0,household_agent_5,2403891.0,0.0,92.0,2414295.0
1590,,,100542.0,2411202.0,aggregator_agent,114.0,household_agent_5,2403961.0,0.0,114.0,2411202.0
1591,,,100543.0,2407686.0,aggregator_agent,119.0,household_agent_5,2403972.0,0.0,119.0,2407686.0
1592,,,100544.0,2415692.0,aggregator_agent,193.0,household_agent_5,2403999.0,0.0,193.0,2415692.0
1593,,,100545.0,2729014.0,aggregator_agent,115.0,household_agent_5,2704228.0,0.0,115.0,2729014.0
1594,,,100546.0,2727240.0,aggregator_agent,148.0,household_agent_5,2704242.0,0.0,148.0,2727240.0
1595,,,100547.0,2715475.0,aggregator_agent,151.0,household_agent_5,2704299.0,0.0,151.0,2715475.0
1596,,,100548.0,2718091.0,aggregator_agent,70.0,household_agent_5,2704378.0,0.0,70.0,2718091.0
1597,,,100549.0,2729571.0,aggregator_agent,138.0,household_agent_5,2704443.0,0.0,138.0,2729571.0
1598,,,100550.0,3026131.0,aggregator_agent,139.0,household_agent_5,3004647.0,0.0,139.0,3026131.0
1599,,,100551.0,3006538.0,aggregator_agent,196.0,household_agent_5,3004677.0,0.0,196.0,3006538.0
1600,,,100552.0,3007977.0,aggregator_agent,108.0,household_agent_5,3004777.0,0.0,108.0,3007977.0
1601,,,100553.0,3031687.0,aggregator_agent,72.0,household_agent_5,3004805.0,0.0,72.0,3031687.0
1602,,,100554.0,3022105.0,aggregator_agent,179.0,household_agent_5,3004849.0,0.0,179.0,3022105.0
1603,,,100555.0,3313813.0,aggregator_agent,161.0,household_agent_5,3304999.0,0.0,161.0,3313813.0
1604,,,100556.0,3307299.0,aggregator_agent,62.0,household_agent_5,3305053.0,0.0,62.0,3307299.0
1605,,,100557.0,3325688.0,aggregator_agent,175.0,household_agent_5,3305099.0,0.0,175.0,3325688.0
1606,,,100558.0,3333465.0,aggregator_agent,137.0,household_agent_5,3305173.0,0.0,137.0,3333465.0
1607,,,100559.0,3322212.0,aggregator_agent,52.0,household_agent_5,3305266.0,0.0,52.0,3322212.0
1608,,,100600.0,5961.0,aggregator_agent,175.0,household_agent_6,208.0,0.0,175.0,5961.0
1609,,,100601.0,11248.0,aggregator_agent,69.0,household_agent_6,237.0,0.0,69.0,11248.0
1610,,,100602.0,26736.0,aggregator_agent,118.0,household_agent_6,325.0,0.0,118.0,26736.0
1611,,,100603.0,6910.0,aggregator_agent,145.0,household_agent_6,378.0,0.0,145.0,6910.0
1612,,,100604.0,12686.0,aggregator_agent,199.0,household_agent_6,400.0,0.0,199.0,12686.0
1613,,,100605.0,304905.0,aggregator_agent,66.0,household_agent_6,300592.0,0.0,66.0,304905.0
1614,,,100606.0,310363.0,aggregator_agent,192.0,household_agent_6,300635.0,0.0,192.0,310363.0
1615,,,100607.0,325051.0,aggregator_agent,142.0,household_agent_6,300655.0,0.0,142.0,325051.0
1616,,,100608.0,318915.0,aggregator_agent,166.0,household_agent_6,300714.0,0.0,166.0,318915.0
1617,,,100609.0,325505.0,aggregator_agent,155.0,household_agent_6,300761.0,0.0,155.0,325505.0
1618,,,100610.0,624464.0,aggregator_agent,141.0,household_agent_6,601020.0,0.0,141.0,624464.0
1619,,,100611.0,630036.0,aggregator_agent,65.0,household_agent_6,601105.0,0.0,65.0,630036.0
1620,,,100612.0,618564.0,aggregator_agent,130.0,household_agent_6,601178.0,0.0,130.0,618564.0
1621,,,100613.0,610288.0,aggregator_agent,53.0,household_agent_6,601238.0,0.0,53.0,610288.0
1622,,,100614.0,606245.0,aggregator_agent,149.0,household_agent_6,601266.0,0.0,149.0,606245.0
1623,,,100615.0,923277.0,aggregator_agent,77.0,household_agent_6,901544.0,0.0,77.0,923277.0
1624,,,100616.0,909023.0,aggregator_agent,116.0,household_agent_6,901622.0,0.0,116.0,909023.0
1625,,,100617.0,929414.0,aggregator_agent,51.0,household_agent_6,901684.0,0.0,51.0,929414.0
1626,,,100618.0,922218.0,aggregator_agent,104.0,household_agent_6,901716.0,0.0,104.0,922218.0
1627,,,100619.0,919848.0,aggregator_agent,62.0,household_agent_6,901791.0,0.0,62.0,919848.0
1628,,,100620.0,1213361.0,aggregator_agent,144.0,household_agent_6,1201950.0,0.0,144.0,1213361.0
1629,,,100621.0,1205307.0,aggregator_agent,99.0,household_agent_6,1202047.0,0.0,99.0,1205307.0
1630,,,100622.0,1212366.0,aggregator_agent,156.0,household_agent_6,1202116.0,0.0,156.0,1212366.0
1631,,,100623.0,1217231.0,aggregator_agent,116.0,household_agent_6,1202126.0,0.0,116.0,1217231.0
1632,,,100624.0,1217485.0,aggregator_agent,150.0,household_agent_6,1202174.0,0.0,150.0,1217485.0
1633,,,100625.0,1512266.0,aggregator_agent,128.0,household_agent_6,1502273.0,0.0,128.0,1512266.0
1634,,,100626.0,1505993.0,aggregator_agent,97.0,household_agent_6,1502315.0,0.0,97.0,1505993.0
1635,,,100627.0,1504056.0,aggregator_agent,130.0,household_agent_6,1502355.0,0.0,130.0,1504056.0
1636,,,100628.0,1504038.0,aggregator_agent,188.0,household_agent_6,1502388.0,0.0,188.0,1504038.0
1637,,,100629.0,1527187.0,aggregator_agent,95.0,household_agent_6,1502469.0,0.0,95.0,1527187.0
1638,,,100630.0,1825418.0,aggregator_agent,127.0,household_agent_6,1802795.0,0.0,127.0,1825418.0
1639,,,100631.0,1812939.0,aggregator_agent,96.0,household_agent_6,1802859.0,0.0,96.0,1812939.0
1640,,,100632.0,1820229.0,aggregator_agent,149.0,household_agent_6,1802915.0,0.0,149.0,1820229.0
1641,,,100633.0,1816212.0,aggregator_agent,184.0,household_agent_6,1803010.0,0.0,184.0,1816212.0
1642,,,100634.0,1830334.0,aggregator_agent,109.0,household_agent_6,1803109.0,0.0,109.0,1830334.0
1643,,,100635.0,2126177.0,aggregator_agent,142.0,household_agent_6,2103290.0,0.0,142.0,2126177.0
1644,,,100636.0,2106311.0,aggregator_agent,176.0,household_agent_6,2103374.0,0.0,176.0,2106311.0
1645,,,100637.0,2129428.0,aggregator_agent,120.0,household_agent_6,2103455.0,0.0,120.0,2129428.0
1646,,,100638.0,2124385.0,aggregator_agent,149.0,household_agent_6,2103486.0,0.0,149.0,2124385.0
1647,,,100639.0,2114248.0,aggregator_agent,124.0,household_agent_6,2103554.0,0.0,124.0,2114248.0
1648,,,100640.0,2417431.0,aggregator_agent,83.0,household_agent_6,2403806.0,0.0,83.0,2417431.0
1649,,,100641.0,2429160.0,aggregator_agent,192.0,household_agent_6,2403891.0,0.0,192.0,2429160.0
1650,,,100642.0,2415289.0,aggregator_agent,80.0,household_agent_6,2403961.0,0.0,80.0,2415289.0
1651,,,100643.0,2419560.0,aggregator_agent,147.0,household_agent_6,2403972.0,0.0,147.0,2419560.0
1652,,,100644.0,2421196.0,aggregator_agent,143.0,household_agent_6,2403999.0,0.0,143.0,2421196.0
1653,,,100645.0,2731688.0,aggregator_agent,67.0,household_agent_6,2704228.0,0.0,67.0,2731688.0
1654,,,100646.0,2730750.0,aggregator_agent,157.0,household_agent_6,2704242.0,0.0,157.0,2730750.0
1655,,,100647.0,2711469.0,aggregator_agent,59.0,household_agent_6,2704299.0,0.0,59.0,2711469.0
1656,,,100648.0,2722532.0,aggregator_agent,193.0,household_agent_6,2704378.0,0.0,193.0,2722532.0
1657,,,100649.0,2726728.0,aggregator_agent,135.0,household_agent_6,2704443.0,0.0,135.0,2726728.0
1658,,,100650.0,3023497.0,aggregator_agent,101.0,household_agent_6,3004647.0,0.0,101.0,3023497.0
1659,,,100651.0,3013954.0,aggregator_agent,151.0,household_agent_6,3004677.0,0.0,151.0,3013954.0
1660,,,100652.0,3011131.0,aggregator_agent,140.0,household_agent_6,3004777.0,0.0,140.0,3011131.0
1661,,,100653.0,3024644.0,aggregator_agent,130.0,household_agent_6,3004805.0,0.0,130.0,3024644.0
1662,,,100654.0,3017946.0,aggregator_agent,160.0,household_agent_6,3004849.0,0.0,160.0,3017946.0
1663,,,100655.0,3311435.0,aggregator_agent,97.0,household_agent_6,3304999.0,0.0,97.0,3311435.0
1664,,,100656.0,3327722.0,aggregator_agent,160.0,household_agent_6,3305053.0,0.0,160.0,3327722.0
1665,,,100657.0,3314028.0,aggregator_agent,82.0,household_agent_6,3305099.0,0.0,82.0,3314028.0
1666,,,100658.0,3324644.0,aggregator_agent,196.0,household_agent_6,3305173.0,0.0,196.0,3324644.0
1667,,,100659.0,3334695.0,aggregator_agent,118.0,household_agent_6,3305266.0,0.0,118.0,3334695.0
1668,,,100700.0,27091.0,aggregator_agent,154.0,household_agent_7,209.0,1.0,154.0,27092.0
1669,,,100701.0,16975.0,aggregator_agent,86.0,household_agent_7,238.0,0.0,86.0,16975.0
1670,,,100702.0,9742.0,aggregator_agent,190.0,household_agent_7,326.0,1.0,190.0,9743.0
1671,,,100703.0,20103.0,aggregator_agent,136.0,household_agent_7,379.0,0.0,136.0,20103.0
1672,,,100704.0,12440.0,aggregator_agent,92.0,household_agent_7,401.0,0.0,92.0,12440.0
1673,,,100705.0,317086.0,aggregator_agent,110.0,household_agent_7,300593.0,0.0,110.0,317086.0
1674,,,100706.0,322362.0,aggregator_agent,128.0,household_agent_7,300636.0,0.0,128.0,322362.0
1675,,,100707.0,323466.0,aggregator_agent,147.0,household_agent_7,300656.0,0.0,147.0,323466.0
1676,,,100708.0,314355.0,aggregator_agent,96.0,household_agent_7,300715.0,0.0,96.0,314355.0
1677,,,100709.0,323035.0,aggregator_agent,180.0,household_agent_7,300762.0,1.0,180.0,323036.0
1678,,,100710.0,618948.0,aggregator_agent,171.0,household_agent_7,601021.0,1.0,171.0,618949.0
1679,,,100711.0,626494.0,aggregator_agent,67.0,household_agent_7,601106.0,0.0,67.0,626494.0
1680,,,100712.0,622178.0,aggregator_agent,123.0,household_agent_7,601179.0,0.0,123.0,622178.0
1681,,,100713.0,614989.0,aggregator_agent,152.0,household_agent_7,601239.0,1.0,152.0,614990.0
1682,,,100714.0,614133.0,aggregator_agent,111.0,household_agent_7,601267.0,0.0,111.0,614133.0
1683,,,100715.0,918931.0,aggregator_agent,137.0,household_agent_7,901545.0,0.0,137.0,918931.0
1684,,,100716.0,924059.0,aggregator_agent,110.0,household_agent_7,901623.0,0.0,110.0,924059.0
1685,,,100717.0,925200.0,aggregator_agent,143.0,household_agent_7,901685.0,0.0,143.0,925200.0
1686,,,100718.0,919037.0,aggregator_agent,109.0,household_agent_7,901717.0,0.0,109.0,919037.0
1687,,,100719.0,912043.0,aggregator_agent,122.0,household_agent_7,901792.0,0.0,122.0,912043.0
1688,,,100720.0,1223784.0,aggregator_agent,158.0,household_agent_7,1201951.0,1.0,158.0,1223785.0
1689,,,100721.0,1209280.0,aggregator_agent,115.0,household_agent_7,1202048.0,0.0,115.0,1209280.0
1690,,,100722.0,1205791.0,aggregator_agent,88.0,household_agent_7,1202117.0,0.0,88.0,1205791.0
1691,,,100723.0,1228633.0,aggregator_agent,190.0,household_agent_7,1202127.0,1.0,190.0,1228634.0
1692,,,100724.0,1227276.0,aggregator_agent,151.0,household_agent_7,1202175.0,0.0,151.0,1227276.0
1693,,,100725.0,1514249.0,aggregator_agent,164.0,household_agent_7,1502274.0,1.0,164.0,1514250.0
1694,,,100726.0,1530765.0,aggregator_agent,177.0,household_agent_7,1502316.0,1.0,177.0,1530766.0
1695,,,100727.0,1520977.0,aggregator_agent,164.0,household_agent_7,1502356.0,1.0,164.0,1520978.0
1696,,,100728.0,1523934.0,aggregator_agent,55.0,household_agent_7,1502389.0,0.0,55.0,1523934.0
1697,,,100729.0,1530361.0,aggregator_agent,74.0,household_agent_7,1502470.0,0.0,74.0,1530361.0
1698,,,100730.0,1809306.0,aggregator_agent,188.0,household_agent_7,1802796.0,1.0,188.0,1809307.0
1699,,,100731.0,1828169.0,aggregator_agent,69.0,household_agent_7,1802860.0,0.0,69.0,1828169.0
1700,,,100732.0,1827064.0,aggregator_agent,110.0,household_agent_7,1802916.0,0.0,110.0,1827064.0
1701,,,100733.0,1832427.0,aggregator_agent,113.0,household_agent_7,1803011.0,0.0,113.0,1832427.0
1702,,,100734.0,1820553.0,aggregator_agent,172.0,household_agent_7,1803110.0,1.0,172.0,1820554.0
1703,,,100735.0,2130373.0,aggregator_agent,161.0,household_agent_7,2103291.0,1.0,161.0,2130374.0
1704,,,100736.0,2131057.0,aggregator_agent,189.0,household_agent_7,2103375.0,1.0,189.0,2131058.0
1705,,,100737.0,2133374.0,aggregator_agent,155.0,household_agent_7,2103456.0,1.0,155.0,2133375.0
1706,,,100738.0,2111014.0,aggregator_agent,96.0,household_agent_7,2103487.0,0.0,96.0,2111014.0
1707,,,100739.0,2126124.0,aggregator_agent,174.0,household_agent_7,2103555.0,1.0,174.0,2126125.0
1708,,,100740.0,2413539.0,aggregator_agent,112.0,household_agent_7,2403807.0,0.0,112.0,2413539.0
1709,,,100741.0,2411858.0,aggregator_agent,98.0,household_agent_7,2403892.0,0.0,98.0,2411858.0
1710,,,100742.0,2407900.0,aggregator_agent,189.0,household_agent_7,2403962.0,1.0,189.0,2407901.0
1711,,,100743.0,2425466.0,aggregator_agent,186.0,household_agent_7,2403973.0,1.0,186.0,2425467.0
1712,,,100744.0,2417768.0,aggregator_agent,198.0,household_agent_7,2404000.0,1.0,198.0,2417769.0
1713,,,100745.0,2727837.0,aggregator_agent,133.0,household_agent_7,2704229.0,0.0,133.0,2727837.0
1714,,,100746.0,2715847.0,aggregator_agent,197.0,household_agent_7,2704243.0,1.0,197.0,2715848.0
1715,,,100747.0,2708926.0,aggregator_agent,89.0,household_agent_7,2704300.0,0.0,89.0,2708926.0
1716,,,100748.0,2733708.0,aggregator_agent,91.0,household_agent_7,2704379.0,0.0,91.0,2733708.0
1717,,,100749.0,2730957.0,aggregator_agent,77.0,household_agent_7,2704444.0,0.0,77.0,2730957.0
1718,,,100750.0,3009836.0,aggregator_agent,143.0,household_agent_7,3004648.0,0.0,143.0,3009836.0
1719,,,100751.0,3021803.0,aggregator_agent,101.0,household_agent_7,3004678.0,0.0,101.0,3021803.0
1720,,,100752.0,3011952.0,aggregator_agent,166.0,household_agent_7,3004778.0,1.0,166.0,3011953.0
1721,,,100753.0,3031492.0,aggregator_agent,77.0,household_agent_7,3004806.0,0.0,77.0,3031492.0
1722,,,100754.0,3018242.0,aggregator_agent,154.0,household_agent_7,3004850.0,1.0,154.0,3018243.0
1723,,,100755.0,3324581.0,aggregator_agent,177.0,household_agent_7,3305000.0,1.0,177.0,3324582.0
1724,,,100756.0,3309709.0,aggregator_agent,75.0,household_agent_7,3305054.0,0.0,75.0,3309709.0
1725,,,100757.0,3330504.0,aggregator_agent,86.0,household_agent_7,3305100.0,0.0,86.0,3330504.0
1726,,,100758.0,3317658.0,aggregator_agent,118.0,household_agent_7,3305174.0,0.0,118.0,3317658.0
1727,,,100759.0,3308228.0,aggregator_agent,52.0,household_agent_7,3305267.0,0.0,52.0,3308228.0
1728,,,100800.0,17537.0,aggregator_agent,149.0,household_agent_8,210.0,0.0,149.0,17537.0
1729,,,100801.0,29639.0,aggregator_agent,106.0,household_agent_8,238.0,0.0,106.0,29639.0
1730,,,100802.0,13838.0,aggregator_agent,57.0,household_agent_8,326.0,0.0,57.0,13838.0
1731,,,100803.0,19916.0,aggregator_agent,56.0,household_agent_8,379.0,0.0,56.0,19916.0
1732,,,100804.0,17714.0,aggregator_agent,148.0,household_agent_8,401.0,0.0,148.0,17714.0
1733,,,100805.0,317775.0,aggregator_agent,157.0,household_agent_8,300593.0,1.0,157.0,317776.0
1734,,,100806.0,301977.0,aggregator_agent,95.0,household_agent_8,300636.0,0.0,95.0,301977.0
1735,,,100807.0,315589.0,aggregator_agent,50.0,household_agent_8,300656.0,0.0,50.0,315589.0
1736,,,100808.0,306986.0,aggregator_agent,97.0,household_agent_8,300715.0,0.0,97.0,306986.0
1737,,,100809.0,308999.0,aggregator_agent,195.0,household_agent_8,300763.0,1.0,195.0,309000.0
1738,,,100810.0,625941.0,aggregator_agent,198.0,household_agent_8,601022.0,1.0,198.0,625942.0
1739,,,100811.0,603365.0,aggregator_agent,63.0,household_agent_8,601106.0,0.0,63.0,603365.0
1740,,,100812.0,628772.0,aggregator_agent,128.0,household_agent_8,601179.0,0.0,128.0,628772.0
1741,,,100813.0,631018.0,aggregator_agent,131.0,household_agent_8,601239.0,0.0,131.0,631018.0
1742,,,100814.0,621503.0,aggregator_agent,160.0,household_agent_8,601267.0,1.0,160.0,621504.0
1743,,,100815.0,927941.0,aggregator_agent,59.0,household_agent_8,901545.0,0.0,59.0,927941.0
1744,,,100816.0,907940.0,aggregator_agent,60.0,household_agent_8,901623.0,0.0,60.0,907940.0
1745,,,100817.0,924597.0,aggregator_agent,165.0,household_agent_8,901685.0,1.0,165.0,924598.0
1746,,,100818.0,930696.0,aggregator_agent,119.0,household_agent_8,901717.0,0.0,119.0,930696.0
1747,,,100819.0,918919.0,aggregator_agent,123.0,household_agent_8,901792.0,0.0,123.0,918919.0
1748,,,100820.0,1216176.0,aggregator_agent,137.0,household_agent_8,1201951.0,0.0,137.0,1216176.0
1749,,,100821.0,1214108.0,aggregator_agent,115.0,household_agent_8,1202048.0,0.0,115.0,1214108.0
1750,,,100822.0,1222174.0,aggregator_agent,194.0,household_agent_8,1202118.0,1.0,194.0,1222175.0
1751,,,100823.0,1205465.0,aggregator_agent,62.0,household_agent_8,1202127.0,0.0,62.0,1205465.0
1752,,,100824.0,1215878.0,aggregator_agent,172.0,household_agent_8,1202176.0,1.0,172.0,1215879.0
1753,,,100825.0,1506750.0,aggregator_agent,129.0,household_agent_8,1502274.0,0.0,129.0,1506750.0
1754,,,100826.0,1517985.0,aggregator_agent,122.0,household_agent_8,1502316.0,0.0,122.0,1517985.0
1755,,,100827.0,1520864.0,aggregator_agent,181.0,household_agent_8,1502357.0,1.0,181.0,1520865.0
1756,,,100828.0,1503550.0,aggregator_agent,86.0,household_agent_8,1502389.0,0.0,86.0,1503550.0
1757,,,100829.0,1505716.0,aggregator_agent,82.0,household_agent_8,1502470.0,0.0,82.0,1505716.0
1758,,,100830.0,1822763.0,aggregator_agent,143.0,household_agent_8,1802796.0,0.0,143.0,1822763.0
1759,,,100831.0,1815374.0,aggregator_agent,189.0,household_agent_8,1802861.0,1.0,189.0,1815375.0
1760,,,100832.0,1822752.0,aggregator_agent,67.0,household_agent_8,1802916.0,0.0,67.0,1822752.0
1761,,,100833.0,1830395.0,aggregator_agent,183.0,household_agent_8,1803012.0,1.0,183.0,1830396.0
1762,,,100834.0,1808008.0,aggregator_agent,110.0,household_agent_8,1803110.0,0.0,110.0,1808008.0
1763,,,100835.0,2113090.0,aggregator_agent,154.0,household_agent_8,2103292.0,1.0,154.0,2113091.0
1764,,,100836.0,2106873.0,aggregator_agent,151.0,household_agent_8,2103375.0,0.0,151.0,2106873.0
1765,,,100837.0,2116628.0,aggregator_agent,89.0,household_agent_8,2103456.0,0.0,89.0,2116628.0
1766,,,100838.0,2109039.0,aggregator_agent,176.0,household_agent_8,2103488.0,1.0,176.0,2109040.0
1767,,,100839.0,2106338.0,aggregator_agent,83.0,household_agent_8,2103555.0,0.0,83.0,2106338.0
1768,,,100840.0,2405800.0,aggregator_agent,83.0,household_agent_8,2403807.0,0.0,83.0,2405800.0
1769,,,100841.0,2406641.0,aggregator_agent,58.0,household_agent_8,2403892.0,0.0,58.0,2406641.0
1770,,,100842.0,2406114.0,aggregator_agent,121.0,household_agent_8,2403962.0,0.0,121.0,2406114.0
1771,,,100843.0,2422237.0,aggregator_agent,97.0,household_agent_8,2403973.0,0.0,97.0,2422237.0
1772,,,100844.0,2431328.0,aggregator_agent,170.0,household_agent_8,2404001.0,1.0,170.0,2431329.0
1773,,,100845.0,2728086.0,aggregator_agent,59.0,household_agent_8,2704229.0,0.0,59.0,2728086.0
1774,,,100846.0,2731330.0,aggregator_agent,163.0,household_agent_8,2704244.0,1.0,163.0,2731331.0
1775,,,100847.0,2723362.0,aggregator_agent,59.0,household_agent_8,2704300.0,0.0,59.0,2723362.0
1776,,,100848.0,2720942.0,aggregator_agent,77.0,household_agent_8,2704379.0,0.0,77.0,2720942.0
1777,,,100849.0,2722099.0,aggregator_agent,70.0,household_agent_8,2704444.0,0.0,70.0,2722099.0
1778,,,100850.0,3028774.0,aggregator_agent,67.0,household_agent_8,3004648.0,0.0,67.0,3028774.0
1779,,,100851.0,3024190.0,aggregator_agent,124.0,household_agent_8,3004678.0,0.0,124.0,3024190.0
1780,,,100852.0,3020624.0,aggregator_agent,69.0,household_agent_8,3004778.0,0.0,69.0,3020624.0
1781,,,100853.0,3010811.0,aggregator_agent,175.0,household_agent_8,3004807.0,1.0,175.0,3010812.0
1782,,,100854.0,3025432.0,aggregator_agent,63.0,household_agent_8,3004850.0,0.0,63.0,3025432.0
1783,,,100855.0,3326518.0,aggregator_agent,189.0,household_agent_8,3305001.0,1.0,189.0,3326519.0
1784,,,100856.0,3334334.0,aggregator_agent,185.0,household_agent_8,3305054.0,1.0,185.0,3334335.0
1785,,,100857.0,3323245.0,aggregator_agent,72.0,household_agent_8,3305100.0,0.0,72.0,3323245.0
1786,,,100858.0,3313456.0,aggregator_agent,136.0,household_agent_8,3305174.0,0.0,136.0,3313456.0
1787,,,100859.0,3323316.0,aggregator_agent,136.0,household_agent_8,3305267.0,0.0,136.0,3323316.0
1788,,,100900.0,24338.0,aggregator_agent,102.0,household_agent_9,210.0,0.0,102.0,24338.0
1789,,,100901.0,15360.0,aggregator_agent,84.0,household_agent_9,239.0,0.0,84.0,15360.0
1790,,,100902.0,25027.0,aggregator_agent,91.0,household_agent_9,327.0,0.0,91.0,25027.0
1791,,,100903.0,8446.0,aggregator_agent,189.0,household_agent_9,380.0,1.0,189.0,8447.0
1792,,,100904.0,15046.0,aggregator_agent,77.0,household_agent_9,401.0,0.0,77.0,15046.0
1793,,,100905.0,309675.0,aggregator_agent,178.0,household_agent_9,300594.0,1.0,178.0,309676.0
1794,,,100906.0,330094.0,aggregator_agent,187.0,household_agent_9,300637.0,1.0,187.0,330095.0
1795,,,100907.0,304732.0,aggregator_agent,194.0,household_agent_9,300657.0,1.0,194.0,304733.0
1796,,,100908.0,301927.0,aggregator_agent,80.0,household_agent_9,300715.0,0.0,80.0,301927.0
1797,,,100909.0,304488.0,aggregator_agent,120.0,household_agent_9,300763.0,0.0,120.0,304488.0
1798,,,100910.0,604319.0,aggregator_agent,157.0,household_agent_9,601022.0,1.0,157.0,604320.0
1799,,,100911.0,604687.0,aggregator_agent,62.0,household_agent_9,601106.0,0.0,62.0,604687.0
1800,,,100912.0,603881.0,aggregator_agent,162.0,household_agent_9,601180.0,1.0,162.0,603882.0
1801,,,100913.0,619688.0,aggregator_agent,95.0,household_agent_9,601239.0,0.0,95.0,619688.0
1802,,,100914.0,622222.0,aggregator_agent,85.0,household_agent_9,601268.0,0.0,85.0,622222.0
1803,,,100915.0,913244.0,aggregator_agent,190.0,household_agent_9,901546.0,1.0,190.0,913245.0
1804,,,100916.0,919782.0,aggregator_agent,189.0,household_agent_9,901624.0,1.0,189.0,919783.0
1805,,,100917.0,913250.0,aggregator_agent,112.0,household_agent_9,901685.0,0.0,112.0,913250.0
1806,,,100918.0,928573.0,aggregator_agent,135.0,household_agent_9,901718.0,0.0,135.0,928573.0
1807,,,100919.0,903804.0,aggregator_agent,179.0,household_agent_9,901793.0,1.0,179.0,903805.0
1808,,,100920.0,1216122.0,aggregator_agent,187.0,household_agent_9,1201952.0,1.0,187.0,1216123.0
1809,,,100921.0,1209671.0,aggregator_agent,107.0,household_agent_9,1202049.0,0.0,107.0,1209671.0
1810,,,100922.0,1216458.0,aggregator_agent,64.0,household_agent_9,1202118.0,0.0,64.0,1216458.0
1811,,,100923.0,1218125.0,aggregator_agent,115.0,household_agent_9,1202127.0,0.0,115.0,1218125.0
1812,,,100924.0,1227378.0,aggregator_agent,83.0,household_agent_9,1202176.0,0.0,83.0,1227378.0
1813,,,100925.0,1508211.0,aggregator_agent,153.0,household_agent_9,1502275.0,1.0,153.0,1508212.0
1814,,,100926.0,1523858.0,aggregator_agent,157.0,household_agent_9,1502317.0,1.0,157.0,1523859.0
1815,,,100927.0,1504686.0,aggregator_agent,141.0,household_agent_9,1502357.0,0.0,141.0,1504686.0
1816,,,100928.0,1521127.0,aggregator_agent,123.0,household_agent_9,1502389.0,0.0,123.0,1521127.0
1817,,,100929.0,1522034.0,aggregator_agent,103.0,household_agent_9,1502470.0,0.0,103.0,1522034.0
1818,,,100930.0,1829389.0,aggregator_agent,179.0,household_agent_9,1802797.0,1.0,179.0,1829390.0
1819,,,100931.0,1812933.0,aggregator_agent,54.0,household_agent_9,1802861.0,0.0,54.0,1812933.0
1820,,,100932.0,1806011.0,aggregator_agent,145.0,household_agent_9,1802917.0,0.0,145.0,1806011.0
1821,,,100933.0,1806868.0,aggregator_agent,186.0,household_agent_9,1803012.0,1.0,186.0,1806869.0
1822,,,100934.0,1810458.0,aggregator_agent,187.0,household_agent_9,1803111.0,1.0,187.0,1810459.0
1823,,,100935.0,2127184.0,aggregator_agent,75.0,household_agent_9,2103292.0,0.0,75.0,2127184.0
1824,,,100936.0,2124007.0,aggregator_agent,88.0,household_agent_9,2103375.0,0.0,88.0,2124007.0
1825,,,100937.0,2113856.0,aggregator_agent,119.0,household_agent_9,2103456.0,0.0,119.0,2113856.0
1826,,,100938.0,2130149.0,aggregator_agent,116.0,household_agent_9,2103488.0,0.0,116.0,2130149.0
1827,,,100939.0,2115581.0,aggregator_agent,114.0,household_agent_9,2103556.0,0.0,114.0,2115581.0
1828,,,100940.0,2426957.0,aggregator_agent,100.0,household_agent_9,2403807.0,0.0,100.0,2426957.0
1829,,,100941.0,2412530.0,aggregator_agent,136.0,household_agent_9,2403892.0,0.0,136.0,2412530.0
1830,,,100942.0,2423153.0,aggregator_agent,51.0,household_agent_9,2403962.0,0.0,51.0,2423153.0
1831,,,100943.0,2407588.0,aggregator_agent,68.0,household_agent_9,2403973.0,0.0,68.0,2407588.0
1832,,,100944.0,2431410.0,aggregator_agent,75.0,household_agent_9,2404001.0,0.0,75.0,2431410.0
1833,,,100945.0,2707360.0,aggregator_agent,154.0,household_agent_9,2704230.0,1.0,154.0,2707361.0
1834,,,100946.0,2712417.0,aggregator_agent,68.0,household_agent_9,2704244.0,0.0,68.0,2712417.0
1835,,,100947.0,2723813.0,aggregator_agent,183.0,household_agent_9,2704301.0,1.0,183.0,2723814.0
1836,,,100948.0,2712116.0,aggregator_agent,200.0,household_agent_9,2704380.0,1.0,200.0,2712117.0
1837,,,100949.0,2721997.0,aggregator_agent,179.0,household_agent_9,2704445.0,1.0,179.0,2721998.0
1838,,,100950.0,3021589.0,aggregator_agent,176.0,household_agent_9,3004649.0,1.0,176.0,3021590.0
1839,,,100951.0,3008658.0,aggregator_agent,94.0,household_agent_9,3004679.0,0.0,94.0,3008658.0
1840,,,100952.0,3029950.0,aggregator_agent,104.0,household_agent_9,3004778.0,0.0,104.0,3029950.0
1841,,,100953.0,3014578.0,aggregator_agent,61.0,household_agent_9,3004807.0,0.0,61.0,3014578.0
1842,,,100954.0,3022389.0,aggregator_agent,110.0,household_agent_9,3004851.0,0.0,110.0,3022389.0
1843,,,100955.0,3333241.0,aggregator_agent,178.0,household_agent_9,3305001.0,1.0,178.0,3333242.0
1844,,,100956.0,3323589.0,aggregator_agent,107.0,household_agent_9,3305054.0,0.0,107.0,3323589.0
1845,,,100957.0,3327343.0,aggregator_agent,189.0,household_agent_9,3305101.0,1.0,189.0,3327344.0
1846,,,100958.0,3307431.0,aggregator_agent,165.0,household_agent_9,3305175.0,1.0,165.0,3307432.0
1847,,,100959.0,3321830.0,aggregator_agent,163.0,household_agent_9,3305268.0,1.0,163.0,3321831.0
1848,,,101000.0,10147.0,aggregator_agent,171.0,household_agent_10,210.0,1.0,171.0,10148.0
1849,,,101001.0,4358.0,aggregator_agent,173.0,household_agent_10,239.0,1.0,173.0,4359.0
1850,,,101002.0,3989.0,aggregator_agent,52.0,household_agent_10,327.0,0.0,52.0,3989.0
1851,,,101003.0,22109.0,aggregator_agent,136.0,household_agent_10,380.0,0.0,136.0,22109.0
1852,,,101004.0,2067.0,aggregator_agent,180.0,household_agent_10,402.0,1.0,180.0,2068.0
1853,,,101005.0,323731.0,aggregator_agent,94.0,household_agent_10,300594.0,0.0,94.0,323731.0
1854,,,101006.0,312101.0,aggregator_agent,51.0,household_agent_10,300637.0,0.0,51.0,312101.0
1855,,,101007.0,306648.0,aggregator_agent,148.0,household_agent_10,300657.0,0.0,148.0,306648.0
1856,,,101008.0,303998.0,aggregator_agent,141.0,household_agent_10,300716.0,0.0,141.0,303998.0
1857,,,101009.0,301953.0,aggregator_agent,136.0,household_agent_10,300763.0,0.0,136.0,301953.0
1858,,,101010.0,605739.0,aggregator_agent,68.0,household_agent_10,601022.0,0.0,68.0,605739.0
1859,,,101011.0,616622.0,aggregator_agent,88.0,household_agent_10,601107.0,0.0,88.0,616622.0
1860,,,101012.0,603971.0,aggregator_agent,127.0,household_agent_10,601180.0,0.0,127.0,603971.0
1861,,,101013.0,608707.0,aggregator_agent,85.0,household_agent_10,601240.0,0.0,85.0,608707.0
1862,,,101014.0,604842.0,aggregator_agent,196.0,household_agent_10,601268.0,1.0,196.0,604843.0
1863,,,101015.0,903816.0,aggregator_agent,192.0,household_agent_10,901546.0,1.0,192.0,903817.0
1864,,,101016.0,928214.0,aggregator_agent,187.0,household_agent_10,901624.0,1.0,187.0,928215.0
1865,,,101017.0,930348.0,aggregator_agent,162.0,household_agent_10,901686.0,1.0,162.0,930349.0
1866,,,101018.0,926005.0,aggregator_agent,51.0,household_agent_10,901718.0,0.0,51.0,926005.0
1867,,,101019.0,915184.0,aggregator_agent,131.0,household_agent_10,901793.0,0.0,131.0,915184.0
1868,,,101020.0,1212591.0,aggregator_agent,199.0,household_agent_10,1201952.0,1.0,199.0,1212592.0
1869,,,101021.0,1230690.0,aggregator_agent,188.0,household_agent_10,1202049.0,1.0,188.0,1230691.0
1870,,,101022.0,1216708.0,aggregator_agent,110.0,household_agent_10,1202118.0,0.0,110.0,1216708.0
1871,,,101023.0,1219309.0,aggregator_agent,200.0,household_agent_10,1202128.0,1.0,200.0,1219310.0
1872,,,101024.0,1224679.0,aggregator_agent,107.0,household_agent_10,1202176.0,0.0,107.0,1224679.0
1873,,,101025.0,1503501.0,aggregator_agent,99.0,household_agent_10,1502275.0,0.0,99.0,1503501.0
1874,,,101026.0,1505157.0,aggregator_agent,83.0,household_agent_10,1502317.0,0.0,83.0,1505157.0
1875,,,101027.0,1521615.0,aggregator_agent,152.0,household_agent_10,1502357.0,1.0,152.0,1521616.0
1876,,,101028.0,1504990.0,aggregator_agent,63.0,household_agent_10,1502389.0,0.0,63.0,1504990.0
1877,,,101029.0,1511958.0,aggregator_agent,92.0,household_agent_10,1502470.0,0.0,92.0,1511958.0
1878,,,101030.0,1818337.0,aggregator_agent,142.0,household_agent_10,1802797.0,0.0,142.0,1818337.0
1879,,,101031.0,1807787.0,aggregator_agent,179.0,household_agent_10,1802861.0,1.0,179.0,1807788.0
1880,,,101032.0,1811522.0,aggregator_agent,83.0,household_agent_10,1802917.0,0.0,83.0,1811522.0
1881,,,101033.0,1810842.0,aggregator_agent,67.0,household_agent_10,1803012.0,0.0,67.0,1810842.0
1882,,,101034.0,1822383.0,aggregator_agent,131.0,household_agent_10,1803111.0,0.0,131.0,1822383.0
1883,,,101035.0,2121429.0,aggregator_agent,169.0,household_agent_10,2103292.0,1.0,169.0,2121430.0
1884,,,101036.0,2124234.0,aggregator_agent,152.0,household_agent_10,2103376.0,1.0,152.0,2124235.0
1885,,,101037.0,2131721.0,aggregator_agent,172.0,household_agent_10,2103457.0,1.0,172.0,2131722.0
1886,,,101038.0,2111332.0,aggregator_agent,142.0,household_agent_10,2103488.0,0.0,142.0,2111332.0
1887,,,101039.0,2118808.0,aggregator_agent,75.0,household_agent_10,2103556.0,0.0,75.0,2118808.0
1888,,,101040.0,2424365.0,aggregator_agent,164.0,household_agent_10,2403808.0,1.0,164.0,2424366.0
1889,,,101041.0,2428143.0,aggregator_agent,117.0,household_agent_10,2403893.0,0.0,117.0,2428143.0
1890,,,101042.0,2412318.0,aggregator_agent,107.0,household_agent_10,2403963.0,0.0,107.0,2412318.0
1891,,,101043.0,2432465.0,aggregator_agent,81.0,household_agent_10,2403974.0,0.0,81.0,2432465.0
1892,,,101044.0,2426013.0,aggregator_agent,120.0,household_agent_10,2404001.0,0.0,120.0,2426013.0
1893,,,101045.0,2718918.0,aggregator_agent,64.0,household_agent_10,2704230.0,0.0,64.0,2718918.0
1894,,,101046.0,2711330.0,aggregator_agent,82.0,household_agent_10,2704244.0,0.0,82.0,2711330.0
1895,,,101047.0,2729452.0,aggregator_agent,138.0,household_agent_10,2704301.0,0.0,138.0,2729452.0
1896,,,101048.0,2723319.0,aggregator_agent,166.0,household_agent_10,2704380.0,1.0,166.0,2723320.0
1897,,,101049.0,2733477.0,aggregator_agent,128.0,household_agent_10,2704445.0,0.0,128.0,2733477.0
1898,,,101050.0,3023307.0,aggregator_agent,168.0,household_agent_10,3004649.0,1.0,168.0,3023308.0
1899,,,101051.0,3010815.0,aggregator_agent,157.0,household_agent_10,3004679.0,1.0,157.0,3010816.0
1900,,,101052.0,3027091.0,aggregator_agent,120.0,household_agent_10,3004779.0,0.0,120.0,3027091.0
1901,,,101053.0,3033998.0,aggregator_agent,83.0,household_agent_10,3004807.0,0.0,83.0,3033998.0
1902,,,101054.0,3017555.0,aggregator_agent,124.0,household_agent_10,3004851.0,0.0,124.0,3017555.0
1903,,,101055.0,3328772.0,aggregator_agent,169.0,household_agent_10,3305001.0,1.0,169.0,3328773.0
1904,,,101056.0,3329348.0,aggregator_agent,159.0,household_agent_10,3305055.0,1.0,159.0,3329349.0
1905,,,101057.0,3320550.0,aggregator_agent,58.0,household_agent_10,3305101.0,0.0,58.0,3320550.0
1906,,,101058.0,3309744.0,aggregator_agent,188.0,household_agent_10,3305175.0,1.0,188.0,3309745.0
1907,,,101059.0,3334309.0,aggregator_agent,67.0,household_agent_10,3305268.0,0.0,67.0,3334309.0
1908,,,101100.0,25365.0,aggregator_agent,118.0,household_agent_11,210.0,0.0,118.0,25365.0
1909,,,101101.0,17340.0,aggregator_agent,71.0,household_agent_11,239.0,0.0,71.0,17340.0
1910,,,101102.0,13724.0,aggregator_agent,133.0,household_agent_11,327.0,0.0,133.0,13724.0
1911,,,101103.0,21925.0,aggregator_agent,144.0,household_agent_11,380.0,0.0,144.0,21925.0
1912,,,101104.0,29674.0,aggregator_agent,155.0,household_agent_11,402.0,1.0,155.0,29675.0
1913,,,101105.0,321822.0,aggregator_agent,135.0,household_agent_11,300594.0,0.0,135.0,321822.0
1914,,,101106.0,315785.0,aggregator_agent,95.0,household_agent_11,300637.0,0.0,95.0,315785.0
1915,,,101107.0,312495.0,aggregator_agent,92.0,household_agent_11,300657.0,0.0,92.0,312495.0
1916,,,101108.0,314877.0,aggregator_agent,133.0,household_agent_11,300716.0,0.0,133.0,314877.0
1917,,,101109.0,317777.0,aggregator_agent,151.0,household_agent_11,300763.0,0.0,151.0,317777.0
1918,,,101110.0,606310.0,aggregator_agent,163.0,household_agent_11,601022.0,1.0,163.0,606311.0
1919,,,101111.0,624095.0,aggregator_agent,164.0,household_agent_11,601107.0,1.0,164.0,624096.0
1920,,,101112.0,615709.0,aggregator_agent,84.0,household_agent_11,601180.0,0.0,84.0,615709.0
1921,,,101113.0,624955.0,aggregator_agent,75.0,household_agent_11,601240.0,0.0,75.0,624955.0
1922,,,101114.0,615188.0,aggregator_agent,95.0,household_agent_11,601268.0,0.0,95.0,615188.0
1923,,,101115.0,913032.0,aggregator_agent,126.0,household_agent_11,901546.0,0.0,126.0,913032.0
1924,,,101116.0,919420.0,aggregator_agent,178.0,household_agent_11,901624.0,1.0,178.0,919421.0
1925,,,101117.0,928571.0,aggregator_agent,118.0,household_agent_11,901686.0,0.0,118.0,928571.0
1926,,,101118.0,920060.0,aggregator_agent,179.0,household_agent_11,901718.0,1.0,179.0,920061.0
1927,,,101119.0,912179.0,aggregator_agent,72.0,household_agent_11,901793.0,0.0,72.0,912179.0
1928,,,101120.0,1219446.0,aggregator_agent,142.0,household_agent_11,1201952.0,0.0,142.0,1219446.0
1929,,,101121.0,1229988.0,aggregator_agent,59.0,household_agent_11,1202049.0,0.0,59.0,1229988.0
1930,,,101122.0,1231466.0,aggregator_agent,72.0,household_agent_11,1202118.0,0.0,72.0,1231466.0
1931,,,101123.0,1228078.0,aggregator_agent,76.0,household_agent_11,1202128.0,0.0,76.0,1228078.0
1932,,,101124.0,1203899.0,aggregator_agent,94.0,household_agent_11,1202176.0,0.0,94.0,1203899.0
1933,,,101125.0,1523585.0,aggregator_agent,108.0,household_agent_11,1502275.0,0.0,108.0,1523585.0
1934,,,101126.0,1519086.0,aggregator_agent,68.0,household_agent_11,1502317.0,0.0,68.0,1519086.0
1935,,,101127.0,1529250.0,aggregator_agent,111.0,household_agent_11,1502357.0,0.0,111.0,1529250.0
1936,,,101128.0,1523470.0,aggregator_agent,74.0,household_agent_11,1502390.0,0.0,74.0,1523470.0
1937,,,101129.0,1522342.0,aggregator_agent,110.0,household_agent_11,1502471.0,0.0,110.0,1522342.0
1938,,,101130.0,1807238.0,aggregator_agent,130.0,household_agent_11,1802797.0,0.0,130.0,1807238.0
1939,,,101131.0,1830683.0,aggregator_agent,192.0,household_agent_11,1802861.0,1.0,192.0,1830684.0
1940,,,101132.0,1830172.0,aggregator_agent,160.0,household_agent_11,1802917.0,1.0,160.0,1830173.0
1941,,,101133.0,1821221.0,aggregator_agent,86.0,household_agent_11,1803012.0,0.0,86.0,1821221.0
1942,,,101134.0,1832779.0,aggregator_agent,109.0,household_agent_11,1803111.0,0.0,109.0,1832779.0
1943,,,101135.0,2105454.0,aggregator_agent,110.0,household_agent_11,2103292.0,0.0,110.0,2105454.0
1944,,,101136.0,2127154.0,aggregator_agent,149.0,household_agent_11,2103376.0,0.0,149.0,2127154.0
1945,,,101137.0,2113101.0,aggregator_agent,120.0,household_agent_11,2103457.0,0.0,120.0,2113101.0
1946,,,101138.0,2111880.0,aggregator_agent,102.0,household_agent_11,2103488.0,0.0,102.0,2111880.0
1947,,,101139.0,2111953.0,aggregator_agent,165.0,household_agent_11,2103556.0,1.0,165.0,2111954.0
1948,,,101140.0,2424391.0,aggregator_agent,129.0,household_agent_11,2403808.0,0.0,129.0,2424391.0
1949,,,101141.0,2427232.0,aggregator_agent,109.0,household_agent_11,2403893.0,0.0,109.0,2427232.0
1950,,,101142.0,2406232.0,aggregator_agent,180.0,household_agent_11,2403963.0,1.0,180.0,2406233.0
1951,,,101143.0,2432672.0,aggregator_agent,80.0,household_agent_11,2403974.0,0.0,80.0,2432672.0
1952,,,101144.0,2405146.0,aggregator_agent,147.0,household_agent_11,2404001.0,0.0,147.0,2405146.0
1953,,,101145.0,2727170.0,aggregator_agent,59.0,household_agent_11,2704230.0,0.0,59.0,2727170.0
1954,,,101146.0,2721366.0,aggregator_agent,101.0,household_agent_11,2704244.0,0.0,101.0,2721366.0
1955,,,101147.0,2722939.0,aggregator_agent,104.0,household_agent_11,2704301.0,0.0,104.0,2722939.0
1956,,,101148.0,2709520.0,aggregator_agent,134.0,household_agent_11,2704380.0,0.0,134.0,2709520.0
1957,,,101149.0,2727792.0,aggregator_agent,134.0,household_agent_11,2704445.0,0.0,134.0,2727792.0
1958,,,101150.0,3020216.0,aggregator_agent,153.0,household_agent_11,3004649.0,1.0,153.0,3020217.0
1959,,,101151.0,3030958.0,aggregator_agent,133.0,household_agent_11,3004679.0,0.0,133.0,3030958.0
1960,,,101152.0,3027956.0,aggregator_agent,118.0,household_agent_11,3004779.0,0.0,118.0,3027956.0
1961,,,101153.0,3026759.0,aggregator_agent,161.0,household_agent_11,3004807.0,1.0,161.0,3026760.0
1962,,,101154.0,3034580.0,aggregator_agent,54.0,household_agent_11,3004851.0,0.0,54.0,3034580.0
1963,,,101155.0,3312947.0,aggregator_agent,199.0,household_agent_11,3305001.0,1.0,199.0,3312948.0
1964,,,101156.0,3317140.0,aggregator_agent,79.0,household_agent_11,3305055.0,0.0,79.0,3317140.0
1965,,,101157.0,3313961.0,aggregator_agent,197.0,household_agent_11,3305101.0,1.0,197.0,3313962.0
1966,,,101158.0,3322888.0,aggregator_agent,55.0,household_agent_11,3305175.0,0.0,55.0,3322888.0
1967,,,101159.0,3321783.0,aggregator_agent,178.0,household_agent_11,3305268.0,1.0,178.0,3321784.0
1968,,,101200.0,28056.0,aggregator_agent,182.0,household_agent_12,209.0,0.0,182.0,28056.0
1969,,,101201.0,10979.0,aggregator_agent,167.0,household_agent_12,238.0,0.0,167.0,10979.0
1970,,,101202.0,19590.0,aggregator_agent,191.0,household_agent_12,326.0,0.0,191.0,19590.0
1971,,,101203.0,13647.0,aggregator_agent,132.0,household_agent_12,379.0,0.0,132.0,13647.0
1972,,,101204.0,16610.0,aggregator_agent,135.0,household_agent_12,401.0,0.0,135.0,16610.0
1973,,,101205.0,313291.0,aggregator_agent,156.0,household_agent_12,300593.0,0.0,156.0,313291.0
1974,,,101206.0,316573.0,aggregator_agent,81.0,household_agent_12,300636.0,0.0,81.0,316573.0
1975,,,101207.0,311842.0,aggregator_agent,63.0,household_agent_12,300656.0,0.0,63.0,311842.0
1976,,,101208.0,317271.0,aggregator_agent,189.0,household_agent_12,300715.0,0.0,189.0,317271.0
1977,,,101209.0,314018.0,aggregator_agent,130.0,household_agent_12,300762.0,0.0,130.0,314018.0
1978,,,101210.0,621321.0,aggregator_agent,178.0,household_agent_12,601021.0,0.0,178.0,621321.0
1979,,,101211.0,616204.0,aggregator_agent,136.0,household_agent_12,601106.0,0.0,136.0,616204.0
1980,,,101212.0,622242.0,aggregator_agent,78.0,household_agent_12,601179.0,0.0,78.0,622242.0
1981,,,101213.0,612785.0,aggregator_agent,172.0,household_agent_12,601239.0,0.0,172.0,612785.0
1982,,,101214.0,623530.0,aggregator_agent,72.0,household_agent_12,601267.0,0.0,72.0,623530.0
1983,,,101215.0,911716.0,aggregator_agent,110.0,household_agent_12,901545.0,0.0,110.0,911716.0
1984,,,101216.0,922567.0,aggregator_agent,135.0,household_agent_12,901623.0,0.0,135.0,922567.0
1985,,,101217.0,926390.0,aggregator_agent,79.0,household_agent_12,901685.0,0.0,79.0,926390.0
1986,,,101218.0,922247.0,aggregator_agent,129.0,household_agent_12,901717.0,0.0,129.0,922247.0
1987,,,101219.0,905313.0,aggregator_agent,137.0,household_agent_12,901792.0,0.0,137.0,905313.0
1988,,,101220.0,1218533.0,aggregator_agent,113.0,household_agent_12,1201951.0,0.0,113.0,1218533.0
1989,,,101221.0,1213943.0,aggregator_agent,145.0,household_agent_12,1202048.0,0.0,145.0,1213943.0
1990,,,101222.0,1206559.0,aggregator_agent,135.0,household_agent_12,1202117.0,0.0,135.0,1206559.0
1991,,,101223.0,1215796.0,aggregator_agent,54.0,household_agent_12,1202127.0,0.0,54.0,1215796.0
1992,,,101224.0,1224657.0,aggregator_agent,136.0,household_agent_12,1202175.0,0.0,136.0,1224657.0
1993,,,101225.0,1528354.0,aggregator_agent,117.0,household_agent_12,1502274.0,0.0,117.0,1528354.0
1994,,,101226.0,1526342.0,aggregator_agent,126.0,household_agent_12,1502316.0,0.0,126.0,1526342.0
1995,,,101227.0,1514150.0,aggregator_agent,135.0,household_agent_12,1502356.0,0.0,135.0,1514150.0
1996,,,101228.0,1509492.0,aggregator_agent,147.0,household_agent_12,1502389.0,0.0,147.0,1509492.0
1997,,,101229.0,1513423.0,aggregator_agent,84.0,household_agent_12,1502470.0,0.0,84.0,1513423.0
1998,,,101230.0,1832553.0,aggregator_agent,112.0,household_agent_12,1802796.0,0.0,112.0,1832553.0
1999,,,101231.0,1808434.0,aggregator_agent,172.0,household_agent_12,1802860.0,0.0,172.0,1808434.0
2000,,,101232.0,1816920.0,aggregator_agent,107.0,household_agent_12,1802916.0,0.0,107.0,1816920.0
2001,,,101233.0,1831675.0,aggregator_agent,98.0,household_agent_12,1803011.0,0.0,98.0,1831675.0
2002,,,101234.0,1821716.0,aggregator_agent,164.0,household_agent_12,1803110.0,0.0,164.0,1821716.0
2003,,,101235.0,2113778.0,aggregator_agent,164.0,household_agent_12,2103291.0,0.0,164.0,2113778.0
2004,,,101236.0,2127241.0,aggregator_agent,125.0,household_agent_12,2103375.0,0.0,125.0,2127241.0
2005,,,101237.0,2131448.0,aggregator_agent,175.0,household_agent_12,2103456.0,0.0,175.0,2131448.0
2006,,,101238.0,2124888.0,aggregator_agent,156.0,household_agent_12,2103487.0,0.0,156.0,2124888.0
2007,,,101239.0,2121560.0,aggregator_agent,84.0,household_agent_12,2103555.0,0.0,84.0,2121560.0
2008,,,101240.0,2431921.0,aggregator_agent,126.0,household_agent_12,2403807.0,0.0,126.0,2431921.0
2009,,,101241.0,2427997.0,aggregator_agent,166.0,household_agent_12,2403892.0,0.0,166.0,2427997.0
2010,,,101242.0,2411195.0,aggregator_agent,196.0,household_agent_12,2403962.0,0.0,196.0,2411195.0
2011,,,101243.0,2411920.0,aggregator_agent,154.0,household_agent_12,2403973.0,0.0,154.0,2411920.0
2012,,,101244.0,2414842.0,aggregator_agent,196.0,household_agent_12,2404000.0,0.0,196.0,2414842.0
2013,,,101245.0,2723637.0,aggregator_agent,176.0,household_agent_12,2704229.0,0.0,176.0,2723637.0
2014,,,101246.0,2709365.0,aggregator_agent,115.0,household_agent_12,2704243.0,0.0,115.0,2709365.0
2015,,,101247.0,2706336.0,aggregator_agent,90.0,household_agent_12,2704300.0,0.0,90.0,2706336.0
2016,,,101248.0,2706041.0,aggregator_agent,151.0,household_agent_12,2704379.0,0.0,151.0,2706041.0
2017,,,101249.0,2726120.0,aggregator_agent,161.0,household_agent_12,2704444.0,0.0,161.0,2726120.0
2018,,,101250.0,3033952.0,aggregator_agent,57.0,household_agent_12,3004648.0,0.0,57.0,3033952.0
2019,,,101251.0,3027270.0,aggregator_agent,162.0,household_agent_12,3004678.0,0.0,162.0,3027270.0
2020,,,101252.0,3033443.0,aggregator_agent,83.0,household_agent_12,3004778.0,0.0,83.0,3033443.0
2021,,,101253.0,3011053.0,aggregator_agent,70.0,household_agent_12,3004806.0,0.0,70.0,3011053.0
2022,,,101254.0,3006233.0,aggregator_agent,91.0,household_agent_12,3004850.0,0.0,91.0,3006233.0
2023,,,101255.0,3332295.0,aggregator_agent,54.0,household_agent_12,3305000.0,0.0,54.0,3332295.0
2024,,,101256.0,3330571.0,aggregator_agent,120.0,household_agent_12,3305054.0,0.0,120.0,3330571.0
2025,,,101257.0,3332717.0,aggregator_agent,117.0,household_agent_12,3305100.0,0.0,117.0,3332717.0
2026,,,101258.0,3319583.0,aggregator_agent,80.0,household_agent_12,3305174.0,0.0,80.0,3319583.0
2027,,,101259.0,3314930.0,aggregator_agent,179.0,household_agent_12,3305267.0,0.0,179.0,3314930.0
2028,,,101300.0,19652.0,aggregator_agent,151.0,generation_agent_0,210.0,0.0,151.0,19652.0
2029,,,101301.0,16130.0,aggregator_agent,57.0,generation_agent_0,239.0,0.0,57.0,16130.0
2030,,,101302.0,3217.0,aggregator_agent,75.0,generation_agent_0,327.0,0.0,75.0,3217.0
2031,,,101303.0,20885.0,aggregator_agent,155.0,generation_agent_0,380.0,1.0,155.0,20886.0
2032,,,101304.0,12447.0,aggregator_agent,117.0,generation_agent_0,402.0,0.0,117.0,12447.0
2033,,,101305.0,301734.0,aggregator_agent,112.0,generation_agent_0,300594.0,0.0,112.0,301734.0
2034,,,101306.0,315551.0,aggregator_agent,137.0,generation_agent_0,300637.0,0.0,137.0,315551.0
2035,,,101307.0,330422.0,aggregator_agent,74.0,generation_agent_0,300657.0,0.0,74.0,330422.0
2036,,,101308.0,317295.0,aggregator_agent,102.0,generation_agent_0,300716.0,0.0,102.0,317295.0
2037,,,101309.0,309249.0,aggregator_agent,150.0,generation_agent_0,300764.0,0.0,150.0,309249.0
2038,,,101310.0,627003.0,aggregator_agent,66.0,generation_agent_0,601022.0,0.0,66.0,627003.0
2039,,,101311.0,615331.0,aggregator_agent,179.0,generation_agent_0,601107.0,1.0,179.0,615332.0
2040,,,101312.0,624262.0,aggregator_agent,109.0,generation_agent_0,601180.0,0.0,109.0,624262.0
2041,,,101313.0,627387.0,aggregator_agent,151.0,generation_agent_0,601240.0,0.0,151.0,627387.0
2042,,,101314.0,621692.0,aggregator_agent,117.0,generation_agent_0,601268.0,0.0,117.0,621692.0
2043,,,101315.0,915584.0,aggregator_agent,192.0,generation_agent_0,901546.0,1.0,192.0,915585.0
2044,,,101316.0,910567.0,aggregator_agent,71.0,generation_agent_0,901624.0,0.0,71.0,910567.0
2045,,,101317.0,925072.0,aggregator_agent,197.0,generation_agent_0,901686.0,1.0,197.0,925073.0
2046,,,101318.0,924171.0,aggregator_agent,64.0,generation_agent_0,901718.0,0.0,64.0,924171.0
2047,,,101319.0,906885.0,aggregator_agent,98.0,generation_agent_0,901793.0,0.0,98.0,906885.0
2048,,,101320.0,1221962.0,aggregator_agent,57.0,generation_agent_0,1201952.0,0.0,57.0,1221962.0
2049,,,101321.0,1230462.0,aggregator_agent,108.0,generation_agent_0,1202049.0,0.0,108.0,1230462.0
2050,,,101322.0,1205280.0,aggregator_agent,149.0,generation_agent_0,1202118.0,0.0,149.0,1205280.0
2051,,,101323.0,1206178.0,aggregator_agent,153.0,generation_agent_0,1202128.0,1.0,153.0,1206179.0
2052,,,101324.0,1210634.0,aggregator_agent,117.0,generation_agent_0,1202176.0,0.0,117.0,1210634.0
2053,,,101325.0,1517002.0,aggregator_agent,116.0,generation_agent_0,1502275.0,0.0,116.0,1517002.0
2054,,,101326.0,1516732.0,aggregator_agent,177.0,generation_agent_0,1502317.0,1.0,177.0,1516733.0
2055,,,101327.0,1526813.0,aggregator_agent,80.0,generation_agent_0,1502357.0,0.0,80.0,1526813.0
2056,,,101328.0,1509990.0,aggregator_agent,62.0,generation_agent_0,1502390.0,0.0,62.0,1509990.0
2057,,,101329.0,1518992.0,aggregator_agent,91.0,generation_agent_0,1502471.0,0.0,91.0,1518992.0
2058,,,101330.0,1815194.0,aggregator_agent,162.0,generation_agent_0,1802797.0,1.0,162.0,1815195.0
2059,,,101331.0,1818159.0,aggregator_agent,79.0,generation_agent_0,1802861.0,0.0,79.0,1818159.0
2060,,,101332.0,1813609.0,aggregator_agent,164.0,generation_agent_0,1802917.0,1.0,164.0,1813610.0
2061,,,101333.0,1812320.0,aggregator_agent,142.0,generation_agent_0,1803012.0,0.0,142.0,1812320.0
2062,,,101334.0,1828732.0,aggregator_agent,161.0,generation_agent_0,1803111.0,1.0,161.0,1828733.0
2063,,,101335.0,2110544.0,aggregator_agent,124.0,generation_agent_0,2103292.0,0.0,124.0,2110544.0
2064,,,101336.0,2129405.0,aggregator_agent,63.0,generation_agent_0,2103376.0,0.0,63.0,2129405.0
2065,,,101337.0,2119761.0,aggregator_agent,127.0,generation_agent_0,2103457.0,0.0,127.0,2119761.0
2066,,,101338.0,2114038.0,aggregator_agent,88.0,generation_agent_0,2103488.0,0.0,88.0,2114038.0
2067,,,101339.0,2111766.0,aggregator_agent,179.0,generation_agent_0,2103556.0,1.0,179.0,2111767.0
2068,,,101340.0,2418967.0,aggregator_agent,168.0,generation_agent_0,2403808.0,1.0,168.0,2418968.0
2069,,,101341.0,2427788.0,aggregator_agent,54.0,generation_agent_0,2403893.0,0.0,54.0,2427788.0
2070,,,101342.0,2414412.0,aggregator_agent,129.0,generation_agent_0,2403963.0,0.0,129.0,2414412.0
2071,,,101343.0,2418113.0,aggregator_agent,159.0,generation_agent_0,2403974.0,1.0,159.0,2418114.0
2072,,,101344.0,2416026.0,aggregator_agent,117.0,generation_agent_0,2404001.0,0.0,117.0,2416026.0
2073,,,101345.0,2722425.0,aggregator_agent,70.0,generation_agent_0,2704230.0,0.0,70.0,2722425.0
2074,,,101346.0,2715251.0,aggregator_agent,85.0,generation_agent_0,2704244.0,0.0,85.0,2715251.0
2075,,,101347.0,2724117.0,aggregator_agent,184.0,generation_agent_0,2704301.0,1.0,184.0,2724118.0
2076,,,101348.0,2710401.0,aggregator_agent,119.0,generation_agent_0,2704380.0,0.0,119.0,2710401.0
2077,,,101349.0,2729400.0,aggregator_agent,74.0,generation_agent_0,2704445.0,0.0,74.0,2729400.0
2078,,,101350.0,3028650.0,aggregator_agent,161.0,generation_agent_0,3004649.0,1.0,161.0,3028651.0
2079,,,101351.0,3022752.0,aggregator_agent,120.0,generation_agent_0,3004679.0,0.0,120.0,3022752.0
2080,,,101352.0,3019992.0,aggregator_agent,158.0,generation_agent_0,3004779.0,1.0,158.0,3019993.0
2081,,,101353.0,3007147.0,aggregator_agent,187.0,generation_agent_0,3004807.0,1.0,187.0,3007148.0
2082,,,101354.0,3034134.0,aggregator_agent,130.0,generation_agent_0,3004851.0,0.0,130.0,3034134.0
2083,,,101355.0,3323853.0,aggregator_agent,172.0,generation_agent_0,3305001.0,1.0,172.0,3323854.0
2084,,,101356.0,3323770.0,aggregator_agent,111.0,generation_agent_0,3305055.0,0.0,111.0,3323770.0
2085,,,101357.0,3331724.0,aggregator_agent,164.0,generation_agent_0,3305101.0,1.0,164.0,3331725.0
2086,,,101358.0,3321517.0,aggregator_agent,60.0,generation_agent_0,3305175.0,0.0,60.0,3321517.0
2087,,,101359.0,3316260.0,aggregator_agent,70.0,generation_agent_0,3305268.0,0.0,70.0,3316260.0
2088,,,101400.0,24219.0,aggregator_agent,52.0,generation_agent_1,210.0,0.0,52.0,24219.0
2089,,,101401.0,28844.0,aggregator_agent,114.0,generation_agent_1,239.0,0.0,114.0,28844.0
2090,,,101402.0,28656.0,aggregator_agent,131.0,generation_agent_1,327.0,0.0,131.0,28656.0
2091,,,101403.0,24678.0,aggregator_agent,154.0,generation_agent_1,380.0,1.0,154.0,24679.0
2092,,,101404.0,5739.0,aggregator_agent,180.0,generation_agent_1,402.0,1.0,180.0,5740.0
2093,,,101405.0,309794.0,aggregator_agent,79.0,generation_agent_1,300594.0,0.0,79.0,309794.0
2094,,,101406.0,315450.0,aggregator_agent,165.0,generation_agent_1,300637.0,1.0,165.0,315451.0
2095,,,101407.0,319881.0,aggregator_agent,73.0,generation_agent_1,300657.0,0.0,73.0,319881.0
2096,,,101408.0,304103.0,aggregator_agent,189.0,generation_agent_1,300716.0,1.0,189.0,304104.0
2097,,,101409.0,324821.0,aggregator_agent,179.0,generation_agent_1,300764.0,1.0,179.0,324822.0
2098,,,101410.0,603398.0,aggregator_agent,73.0,generation_agent_1,601022.0,0.0,73.0,603398.0
2099,,,101411.0,602797.0,aggregator_agent,118.0,generation_agent_1,601107.0,0.0,118.0,602797.0
2100,,,101412.0,625252.0,aggregator_agent,65.0,generation_agent_1,601180.0,0.0,65.0,625252.0
2101,,,101413.0,613015.0,aggregator_agent,165.0,generation_agent_1,601240.0,1.0,165.0,613016.0
2102,,,101414.0,616216.0,aggregator_agent,85.0,generation_agent_1,601268.0,0.0,85.0,616216.0
2103,,,101415.0,913056.0,aggregator_agent,162.0,generation_agent_1,901546.0,1.0,162.0,913057.0
2104,,,101416.0,927745.0,aggregator_agent,173.0,generation_agent_1,901624.0,1.0,173.0,927746.0
2105,,,101417.0,905460.0,aggregator_agent,179.0,generation_agent_1,901686.0,1.0,179.0,905461.0
2106,,,101418.0,905872.0,aggregator_agent,155.0,generation_agent_1,901718.0,1.0,155.0,905873.0
2107,,,101419.0,922098.0,aggregator_agent,103.0,generation_agent_1,901793.0,0.0,103.0,922098.0
2108,,,101420.0,1206786.0,aggregator_agent,68.0,generation_agent_1,1201952.0,0.0,68.0,1206786.0
2109,,,101421.0,1214759.0,aggregator_agent,115.0,generation_agent_1,1202049.0,0.0,115.0,1214759.0
2110,,,101422.0,1213898.0,aggregator_agent,167.0,generation_agent_1,1202118.0,1.0,167.0,1213899.0
2111,,,101423.0,1216868.0,aggregator_agent,127.0,generation_agent_1,1202128.0,0.0,127.0,1216868.0
2112,,,101424.0,1226630.0,aggregator_agent,145.0,generation_agent_1,1202176.0,0.0,145.0,1226630.0
2113,,,101425.0,1521906.0,aggregator_agent,141.0,generation_agent_1,1502275.0,0.0,141.0,1521906.0
2114,,,101426.0,1531469.0,aggregator_agent,130.0,generation_agent_1,1502317.0,0.0,130.0,1531469.0
2115,,,101427.0,1507747.0,aggregator_agent,109.0,generation_agent_1,1502357.0,0.0,109.0,1507747.0
2116,,,101428.0,1525490.0,aggregator_agent,86.0,generation_agent_1,1502390.0,0.0,86.0,1525490.0
2117,,,101429.0,1528162.0,aggregator_agent,172.0,generation_agent_1,1502471.0,1.0,172.0,1528163.0
2118,,,101430.0,1809281.0,aggregator_agent,173.0,generation_agent_1,1802797.0,1.0,173.0,1809282.0
2119,,,101431.0,1820964.0,aggregator_agent,188.0,generation_agent_1,1802861.0,1.0,188.0,1820965.0
2120,,,101432.0,1830412.0,aggregator_agent,128.0,generation_agent_1,1802917.0,0.0,128.0,1830412.0
2121,,,101433.0,1827280.0,aggregator_agent,193.0,generation_agent_1,1803012.0,1.0,193.0,1827281.0
2122,,,101434.0,1823773.0,aggregator_agent,91.0,generation_agent_1,1803111.0,0.0,91.0,1823773.0
2123,,,101435.0,2124415.0,aggregator_agent,67.0,generation_agent_1,2103292.0,0.0,67.0,2124415.0
2124,,,101436.0,2130574.0,aggregator_agent,186.0,generation_agent_1,2103376.0,1.0,186.0,2130575.0
2125,,,101437.0,2112977.0,aggregator_agent,103.0,generation_agent_1,2103457.0,0.0,103.0,2112977.0
2126,,,101438.0,2114635.0,aggregator_agent,56.0,generation_agent_1,2103488.0,0.0,56.0,2114635.0
2127,,,101439.0,2113774.0,aggregator_agent,163.0,generation_agent_1,2103556.0,1.0,163.0,2113775.0
2128,,,101440.0,2429912.0,aggregator_agent,117.0,generation_agent_1,2403808.0,0.0,117.0,2429912.0
2129,,,101441.0,2422226.0,aggregator_agent,76.0,generation_agent_1,2403893.0,0.0,76.0,2422226.0
2130,,,101442.0,2411298.0,aggregator_agent,151.0,generation_agent_1,2403963.0,0.0,151.0,2411298.0
2131,,,101443.0,2428290.0,aggregator_agent,132.0,generation_agent_1,2403974.0,0.0,132.0,2428290.0
2132,,,101444.0,2426792.0,aggregator_agent,72.0,generation_agent_1,2404001.0,0.0,72.0,2426792.0
2133,,,101445.0,2734052.0,aggregator_agent,82.0,generation_agent_1,2704230.0,0.0,82.0,2734052.0
2134,,,101446.0,2720935.0,aggregator_agent,63.0,generation_agent_1,2704244.0,0.0,63.0,2720935.0
2135,,,101447.0,2706676.0,aggregator_agent,171.0,generation_agent_1,2704301.0,1.0,171.0,2706677.0
2136,,,101448.0,2727710.0,aggregator_agent,106.0,generation_agent_1,2704380.0,0.0,106.0,2727710.0
2137,,,101449.0,2710427.0,aggregator_agent,150.0,generation_agent_1,2704445.0,0.0,150.0,2710427.0
2138,,,101450.0,3018408.0,aggregator_agent,74.0,generation_agent_1,3004649.0,0.0,74.0,3018408.0
2139,,,101451.0,3018294.0,aggregator_agent,85.0,generation_agent_1,3004679.0,0.0,85.0,3018294.0
2140,,,101452.0,3032452.0,aggregator_agent,137.0,generation_agent_1,3004779.0,0.0,137.0,3032452.0
2141,,,101453.0,3023965.0,aggregator_agent,111.0,generation_agent_1,3004807.0,0.0,111.0,3023965.0
2142,,,101454.0,3014005.0,aggregator_agent,144.0,generation_agent_1,3004851.0,0.0,144.0,3014005.0
2143,,,101455.0,3319641.0,aggregator_agent,132.0,generation_agent_1,3305002.0,0.0,132.0,3319641.0
2144,,,101456.0,3318500.0,aggregator_agent,177.0,generation_agent_1,3305055.0,1.0,177.0,3318501.0
2145,,,101457.0,3325118.0,aggregator_agent,86.0,generation_agent_1,3305101.0,0.0,86.0,3325118.0
2146,,,101458.0,3323160.0,aggregator_agent,78.0,generation_agent_1,3305175.0,0.0,78.0,3323160.0
2147,,,101459.0,3332244.0,aggregator_agent,58.0,generation_agent_1,3305268.0,0.0,58.0,3332244.0
2148,,,101500.0,12541.0,aggregator_agent,143.0,generation_agent_2,211.0,0.0,143.0,12541.0
2149,,,101501.0,13850.0,aggregator_agent,129.0,generation_agent_2,239.0,0.0,129.0,13850.0
2150,,,101502.0,6570.0,aggregator_agent,163.0,generation_agent_2,328.0,1.0,163.0,6571.0
2151,,,101503.0,24740.0,aggregator_agent,133.0,generation_agent_2,381.0,0.0,133.0,24740.0
2152,,,101504.0,12347.0,aggregator_agent,115.0,generation_agent_2,402.0,0.0,115.0,12347.0
2153,,,101505.0,309493.0,aggregator_agent,179.0,generation_agent_2,300594.0,1.0,179.0,309494.0
2154,,,101506.0,320166.0,aggregator_agent,138.0,generation_agent_2,300638.0,0.0,138.0,320166.0
2155,,,101507.0,310375.0,aggregator_agent,191.0,generation_agent_2,300657.0,1.0,191.0,310376.0
2156,,,101508.0,319268.0,aggregator_agent,72.0,generation_agent_2,300716.0,0.0,72.0,319268.0
2157,,,101509.0,330303.0,aggregator_agent,71.0,generation_agent_2,300764.0,0.0,71.0,330303.0
2158,,,101510.0,627139.0,aggregator_agent,177.0,generation_agent_2,601023.0,1.0,177.0,627140.0
2159,,,101511.0,619413.0,aggregator_agent,185.0,generation_agent_2,601108.0,1.0,185.0,619414.0
2160,,,101512.0,620602.0,aggregator_agent,200.0,generation_agent_2,601181.0,1.0,200.0,620603.0
2161,,,101513.0,611211.0,aggregator_agent,122.0,generation_agent_2,601240.0,0.0,122.0,611211.0
2162,,,101514.0,615280.0,aggregator_agent,154.0,generation_agent_2,601269.0,1.0,154.0,615281.0
2163,,,101515.0,923353.0,aggregator_agent,140.0,generation_agent_2,901547.0,0.0,140.0,923353.0
2164,,,101516.0,918717.0,aggregator_agent,95.0,generation_agent_2,901625.0,0.0,95.0,918717.0
2165,,,101517.0,930329.0,aggregator_agent,159.0,generation_agent_2,901686.0,1.0,159.0,930330.0
2166,,,101518.0,922996.0,aggregator_agent,134.0,generation_agent_2,901718.0,0.0,134.0,922996.0
2167,,,101519.0,913741.0,aggregator_agent,107.0,generation_agent_2,901793.0,0.0,107.0,913741.0
2168,,,101520.0,1229965.0,aggregator_agent,76.0,generation_agent_2,1201952.0,0.0,76.0,1229965.0
2169,,,101521.0,1218005.0,aggregator_agent,76.0,generation_agent_2,1202049.0,0.0,76.0,1218005.0
2170,,,101522.0,1226708.0,aggregator_agent,161.0,generation_agent_2,1202118.0,1.0,161.0,1226709.0
2171,,,101523.0,1219766.0,aggregator_agent,103.0,generation_agent_2,1202128.0,0.0,103.0,1219766.0
2172,,,101524.0,1217438.0,aggregator_agent,60.0,generation_agent_2,1202176.0,0.0,60.0,1217438.0
2173,,,101525.0,1507886.0,aggregator_agent,50.0,generation_agent_2,1502275.0,0.0,50.0,1507886.0
2174,,,101526.0,1523966.0,aggregator_agent,136.0,generation_agent_2,1502317.0,0.0,136.0,1523966.0
2175,,,101527.0,1514172.0,aggregator_agent,53.0,generation_agent_2,1502357.0,0.0,53.0,1514172.0
2176,,,101528.0,1512930.0,aggregator_agent,104.0,generation_agent_2,1502390.0,0.0,104.0,1512930.0
2177,,,101529.0,1517229.0,aggregator_agent,128.0,generation_agent_2,1502471.0,0.0,128.0,1517229.0
2178,,,101530.0,1810220.0,aggregator_agent,67.0,generation_agent_2,1802798.0,0.0,67.0,1810220.0
2179,,,101531.0,1831791.0,aggregator_agent,159.0,generation_agent_2,1802862.0,1.0,159.0,1831792.0
2180,,,101532.0,1810504.0,aggregator_agent,70.0,generation_agent_2,1802917.0,0.0,70.0,1810504.0
2181,,,101533.0,1831222.0,aggregator_agent,80.0,generation_agent_2,1803013.0,0.0,80.0,1831222.0
2182,,,101534.0,1830393.0,aggregator_agent,77.0,generation_agent_2,1803112.0,0.0,77.0,1830393.0
2183,,,101535.0,2124924.0,aggregator_agent,132.0,generation_agent_2,2103293.0,0.0,132.0,2124924.0
2184,,,101536.0,2108972.0,aggregator_agent,185.0,generation_agent_2,2103377.0,1.0,185.0,2108973.0
2185,,,101537.0,2128189.0,aggregator_agent,84.0,generation_agent_2,2103457.0,0.0,84.0,2128189.0
2186,,,101538.0,2123704.0,aggregator_agent,100.0,generation_agent_2,2103488.0,0.0,100.0,2123704.0
2187,,,101539.0,2115760.0,aggregator_agent,86.0,generation_agent_2,2103557.0,0.0,86.0,2115760.0
2188,,,101540.0,2407544.0,aggregator_agent,186.0,generation_agent_2,2403809.0,1.0,186.0,2407545.0
2189,,,101541.0,2411929.0,aggregator_agent,171.0,generation_agent_2,2403893.0,1.0,171.0,2411930.0
2190,,,101542.0,2422584.0,aggregator_agent,59.0,generation_agent_2,2403963.0,0.0,59.0,2422584.0
2191,,,101543.0,2422762.0,aggregator_agent,102.0,generation_agent_2,2403974.0,0.0,102.0,2422762.0
2192,,,101544.0,2407881.0,aggregator_agent,179.0,generation_agent_2,2404002.0,1.0,179.0,2407882.0
2193,,,101545.0,2731781.0,aggregator_agent,59.0,generation_agent_2,2704230.0,0.0,59.0,2731781.0
2194,,,101546.0,2731832.0,aggregator_agent,129.0,generation_agent_2,2704244.0,0.0,129.0,2731832.0
2195,,,101547.0,2720820.0,aggregator_agent,57.0,generation_agent_2,2704301.0,0.0,57.0,2720820.0
2196,,,101548.0,2723697.0,aggregator_agent,111.0,generation_agent_2,2704381.0,0.0,111.0,2723697.0
2197,,,101549.0,2727518.0,aggregator_agent,129.0,generation_agent_2,2704445.0,0.0,129.0,2727518.0
2198,,,101550.0,3012576.0,aggregator_agent,103.0,generation_agent_2,3004649.0,0.0,103.0,3012576.0
2199,,,101551.0,3024464.0,aggregator_agent,118.0,generation_agent_2,3004680.0,0.0,118.0,3024464.0
2200,,,101552.0,3010893.0,aggregator_agent,189.0,generation_agent_2,3004779.0,1.0,189.0,3010894.0
2201,,,101553.0,3016995.0,aggregator_agent,169.0,generation_agent_2,3004808.0,1.0,169.0,3016996.0
2202,,,101554.0,3024377.0,aggregator_agent,106.0,generation_agent_2,3004851.0,0.0,106.0,3024377.0
2203,,,101555.0,3322149.0,aggregator_agent,68.0,generation_agent_2,3305002.0,0.0,68.0,3322149.0
2204,,,101556.0,3316585.0,aggregator_agent,188.0,generation_agent_2,3305056.0,1.0,188.0,3316586.0
2205,,,101557.0,3307216.0,aggregator_agent,115.0,generation_agent_2,3305101.0,0.0,115.0,3307216.0
2206,,,101558.0,3312755.0,aggregator_agent,105.0,generation_agent_2,3305175.0,0.0,105.0,3312755.0
2207,,,101559.0,3323995.0,aggregator_agent,53.0,generation_agent_2,3305268.0,0.0,53.0,3323995.0
2208,,,101600.0,5099.0,aggregator_agent,107.0,generation_agent_3,211.0,0.0,107.0,5099.0
2209,,,101601.0,9283.0,aggregator_agent,159.0,generation_agent_3,240.0,1.0,159.0,9284.0
2210,,,101602.0,16420.0,aggregator_agent,62.0,generation_agent_3,328.0,0.0,62.0,16420.0
2211,,,101603.0,17066.0,aggregator_agent,138.0,generation_agent_3,381.0,0.0,138.0,17066.0
2212,,,101604.0,16491.0,aggregator_agent,184.0,generation_agent_3,403.0,1.0,184.0,16492.0
2213,,,101605.0,314293.0,aggregator_agent,163.0,generation_agent_3,300595.0,1.0,163.0,314294.0
2214,,,101606.0,302761.0,aggregator_agent,79.0,generation_agent_3,300638.0,0.0,79.0,302761.0
2215,,,101607.0,316440.0,aggregator_agent,116.0,generation_agent_3,300657.0,0.0,116.0,316440.0
2216,,,101608.0,314878.0,aggregator_agent,82.0,generation_agent_3,300716.0,0.0,82.0,314878.0
2217,,,101609.0,316654.0,aggregator_agent,116.0,generation_agent_3,300764.0,0.0,116.0,316654.0
2218,,,101610.0,621450.0,aggregator_agent,66.0,generation_agent_3,601023.0,0.0,66.0,621450.0
2219,,,101611.0,610511.0,aggregator_agent,71.0,generation_agent_3,601108.0,0.0,71.0,610511.0
2220,,,101612.0,616850.0,aggregator_agent,73.0,generation_agent_3,601181.0,0.0,73.0,616850.0
2221,,,101613.0,616093.0,aggregator_agent,161.0,generation_agent_3,601241.0,1.0,161.0,616094.0
2222,,,101614.0,610671.0,aggregator_agent,140.0,generation_agent_3,601269.0,0.0,140.0,610671.0
2223,,,101615.0,917239.0,aggregator_agent,134.0,generation_agent_3,901547.0,0.0,134.0,917239.0
2224,,,101616.0,925429.0,aggregator_agent,98.0,generation_agent_3,901625.0,0.0,98.0,925429.0
2225,,,101617.0,927959.0,aggregator_agent,50.0,generation_agent_3,901686.0,0.0,50.0,927959.0
2226,,,101618.0,926176.0,aggregator_agent,117.0,generation_agent_3,901719.0,0.0,117.0,926176.0
2227,,,101619.0,929612.0,aggregator_agent,154.0,generation_agent_3,901794.0,1.0,154.0,929613.0
2228,,,101620.0,1231212.0,aggregator_agent,73.0,generation_agent_3,1201952.0,0.0,73.0,1231212.0
2229,,,101621.0,1207347.0,aggregator_agent,135.0,generation_agent_3,1202050.0,0.0,135.0,1207347.0
2230,,,101622.0,1212600.0,aggregator_agent,110.0,generation_agent_3,1202119.0,0.0,110.0,1212600.0
2231,,,101623.0,1205104.0,aggregator_agent,63.0,generation_agent_3,1202128.0,0.0,63.0,1205104.0
2232,,,101624.0,1211355.0,aggregator_agent,109.0,generation_agent_3,1202177.0,0.0,109.0,1211355.0
2233,,,101625.0,1505042.0,aggregator_agent,143.0,generation_agent_3,1502276.0,0.0,143.0,1505042.0
2234,,,101626.0,1508468.0,aggregator_agent,110.0,generation_agent_3,1502318.0,0.0,110.0,1508468.0
2235,,,101627.0,1515761.0,aggregator_agent,134.0,generation_agent_3,1502358.0,0.0,134.0,1515761.0
2236,,,101628.0,1514614.0,aggregator_agent,70.0,generation_agent_3,1502390.0,0.0,70.0,1514614.0
2237,,,101629.0,1525339.0,aggregator_agent,101.0,generation_agent_3,1502471.0,0.0,101.0,1525339.0
2238,,,101630.0,1805945.0,aggregator_agent,171.0,generation_agent_3,1802798.0,1.0,171.0,1805946.0
2239,,,101631.0,1827761.0,aggregator_agent,98.0,generation_agent_3,1802862.0,0.0,98.0,1827761.0
2240,,,101632.0,1812239.0,aggregator_agent,138.0,generation_agent_3,1802918.0,0.0,138.0,1812239.0
2241,,,101633.0,1828504.0,aggregator_agent,68.0,generation_agent_3,1803013.0,0.0,68.0,1828504.0
2242,,,101634.0,1813008.0,aggregator_agent,160.0,generation_agent_3,1803112.0,1.0,160.0,1813009.0
2243,,,101635.0,2104888.0,aggregator_agent,135.0,generation_agent_3,2103293.0,0.0,135.0,2104888.0
2244,,,101636.0,2126700.0,aggregator_agent,142.0,generation_agent_3,2103377.0,0.0,142.0,2126700.0
2245,,,101637.0,2122901.0,aggregator_agent,73.0,generation_agent_3,2103457.0,0.0,73.0,2122901.0
2246,,,101638.0,2107572.0,aggregator_agent,58.0,generation_agent_3,2103488.0,0.0,58.0,2107572.0
2247,,,101639.0,2129142.0,aggregator_agent,151.0,generation_agent_3,2103557.0,0.0,151.0,2129142.0
2248,,,101640.0,2426541.0,aggregator_agent,156.0,generation_agent_3,2403809.0,1.0,156.0,2426542.0
2249,,,101641.0,2430472.0,aggregator_agent,80.0,generation_agent_3,2403893.0,0.0,80.0,2430472.0
2250,,,101642.0,2409021.0,aggregator_agent,182.0,generation_agent_3,2403964.0,1.0,182.0,2409022.0
2251,,,101643.0,2426645.0,aggregator_agent,162.0,generation_agent_3,2403975.0,1.0,162.0,2426646.0
2252,,,101644.0,2420758.0,aggregator_agent,131.0,generation_agent_3,2404002.0,0.0,131.0,2420758.0
2253,,,101645.0,2728340.0,aggregator_agent,125.0,generation_agent_3,2704230.0,0.0,125.0,2728340.0
2254,,,101646.0,2724748.0,aggregator_agent,107.0,generation_agent_3,2704245.0,0.0,107.0,2724748.0
2255,,,101647.0,2720488.0,aggregator_agent,198.0,generation_agent_3,2704302.0,1.0,198.0,2720489.0
2256,,,101648.0,2723591.0,aggregator_agent,151.0,generation_agent_3,2704381.0,0.0,151.0,2723591.0
2257,,,101649.0,2730018.0,aggregator_agent,93.0,generation_agent_3,2704446.0,0.0,93.0,2730018.0
2258,,,101650.0,3019126.0,aggregator_agent,119.0,generation_agent_3,3004650.0,0.0,119.0,3019126.0
2259,,,101651.0,3021822.0,aggregator_agent,191.0,generation_agent_3,3004680.0,1.0,191.0,3021823.0
2260,,,101652.0,3011020.0,aggregator_agent,68.0,generation_agent_3,3004779.0,0.0,68.0,3011020.0
2261,,,101653.0,3009679.0,aggregator_agent,134.0,generation_agent_3,3004808.0,0.0,134.0,3009679.0
2262,,,101654.0,3033273.0,aggregator_agent,81.0,generation_agent_3,3004851.0,0.0,81.0,3033273.0
2263,,,101655.0,3317404.0,aggregator_agent,58.0,generation_agent_3,3305002.0,0.0,58.0,3317404.0
2264,,,101656.0,3327171.0,aggregator_agent,179.0,generation_agent_3,3305056.0,1.0,179.0,3327172.0
2265,,,101657.0,3318516.0,aggregator_agent,157.0,generation_agent_3,3305102.0,1.0,157.0,3318517.0
2266,,,101658.0,3306884.0,aggregator_agent,174.0,generation_agent_3,3305176.0,1.0,174.0,3306885.0
2267,,,101659.0,3306582.0,aggregator_agent,139.0,generation_agent_3,3305269.0,0.0,139.0,3306582.0
